0 0.398139 0.546999 0.325382 0.520951 0.506547 0.333713 1 0.000000 0.000000 0 0.000000 0.000000 0 0.000000 0.000000 0 0.000000 0.000000 0 0.499634 0.377843 1 0.453651 0.372715 1 0.493938 0.452852 1 0.410047 0.398593 1 0.537589 0.459593 1 0.382224 0.394630 1 0.000000 0.000000 0 0.436490 0.503618 1 0.369193 0.643593 1 0.508156 0.607528 1 0.282595 0.646974 1 0.490349 0.764824 1
0 0.247376 0.481880 0.237595 0.535674 0.339188 0.293574 1 0.000000 0.000000 0 0.000000 0.000000 0 0.000000 0.000000 0 0.000000 0.000000 0 0.283713 0.289515 1 0.315777 0.297141 1 0.238141 0.370684 1 0.304307 0.364630 1 0.208375 0.435694 1 0.283594 0.440213 1 0.000000 0.000000 0 0.259046 0.431786 1 0.315208 0.570056 1 0.211646 0.584917 1 0.321750 0.716056 1 0.174677 0.458019 1
0 0.098044 0.579841 0.194656 0.600227 0.128229 0.356796 1 0.000000 0.000000 0 0.000000 0.000000 0 0.000000 0.000000 0 0.000000 0.000000 0 0.060714 0.356333 1 0.099365 0.380676 1 0.009171 0.380000 1 0.089552 0.456639 1 0.016516 0.469287 1 0.132021 0.519583 1 0.055761 0.553222 1 0.029172 0.530173 1 0.114625 0.671481 1 0.000000 0.000000 0 0.138609 0.840083 1 0.000000 0.000000 0
0 0.116219 0.174041 0.082070 0.348083 0.115960 0.030774 1 0.000000 0.000000 0 0.000000 0.000000 0 0.000000 0.000000 0 0.000000 0.000000 0 0.000000 0.000000 0 0.000000 0.000000 0 0.000000 0.000000 0 0.087120 0.119935 1 0.129127 0.085610 1 0.094865 0.070519 1 0.000000 0.000000 0 0.101221 0.158299 1 0.000000 0.000000 0 0.089444 0.209981 1 0.000000 0.000000 0 0.000000 0.000000 0
0 0.139412 0.202802 0.114184 0.305310 0.000000 0.000000 0 0.000000 0.000000 0 0.000000 0.000000 0 0.000000 0.000000 0 0.000000 0.000000 0 0.183202 0.138072 1 0.000000 0.000000 0 0.173947 0.182412 1 0.113319 0.159188 1 0.159111 0.148922 1 0.131615 0.127796 1 0.161496 0.255381 1 0.125385 0.250987 1 0.000000 0.000000 0 0.000000 0.000000 0 0.000000 0.000000 0 0.000000 0.000000 0
0 0.251366 0.196165 0.100803 0.336283 0.000000 0.000000 0 0.000000 0.000000 0 0.000000 0.000000 0 0.000000 0.000000 0 0.000000 0.000000 0 0.279271 0.086917 1 0.000000 0.000000 0 0.283964 0.150641 1 0.213045 0.161528 1 0.258458 0.105278 1 0.228344 0.109954 1 0.268763 0.234104 1 0.242936 0.235250 1 0.000000 0.000000 0 0.233151 0.347948 1 0.000000 0.000000 0 0.000000 0.000000 0
0 0.321839 0.241888 0.093666 0.289086 0.000000 0.000000 0 0.000000 0.000000 0 0.000000 0.000000 0 0.000000 0.000000 0 0.000000 0.000000 0 0.349766 0.183240 1 0.306661 0.169491 1 0.355104 0.233046 1 0.298661 0.211509 1 0.352577 0.187261 1 0.310518 0.178554 1 0.000000 0.000000 0 0.000000 0.000000 0 0.000000 0.000000 0 0.000000 0.000000 0 0.344696 0.357991 1 0.000000 0.000000 0
0 0.436023 0.230826 0.093666 0.314159 0.000000 0.000000 0 0.000000 0.000000 0 0.000000 0.000000 0 0.000000 0.000000 0 0.000000 0.000000 0 0.000000 0.000000 0 0.000000 0.000000 0 0.000000 0.000000 0 0.412339 0.212019 1 0.450068 0.165204 1 0.423125 0.155454 1 0.453498 0.287504 1 0.432842 0.285333 1 0.416068 0.371007 1 0.402687 0.362195 1 0.000000 0.000000 0 0.000000 0.000000 0
0 0.481964 0.246313 0.099911 0.289086 0.000000 0.000000 0 0.000000 0.000000 0 0.000000 0.000000 0 0.000000 0.000000 0 0.000000 0.000000 0 0.509928 0.167770 1 0.000000 0.000000 0 0.506484 0.238733 1 0.463534 0.240299 1 0.497307 0.178426 1 0.469009 0.181998 1 0.508812 0.286496 1 0.476651 0.283199 1 0.000000 0.000000 0 0.446672 0.308833 1 0.000000 0.000000 0 0.000000 0.000000 0
0 0.537271 0.228614 0.099911 0.353982 0.533570 0.097593 1 0.000000 0.000000 0 0.000000 0.000000 0 0.000000 0.000000 0 0.000000 0.000000 0 0.000000 0.000000 0 0.000000 0.000000 0 0.000000 0.000000 0 0.000000 0.000000 0 0.505958 0.138813 1 0.000000 0.000000 0 0.000000 0.000000 0 0.000000 0.000000 0 0.000000 0.000000 0 0.000000 0.000000 0 0.000000 0.000000 0 0.000000 0.000000 0
0 0.569832 0.239676 0.134701 0.340708 0.000000 0.000000 0 0.000000 0.000000 0 0.000000 0.000000 0 0.000000 0.000000 0 0.000000 0.000000 0 0.584467 0.153010 1 0.538504 0.151675 1 0.584897 0.216716 1 0.516453 0.199657 1 0.568158 0.178219 1 0.534116 0.142887 1 0.571676 0.328492 1 0.536104 0.322536 1 0.555622 0.396305 1 0.521134 0.388895 1 0.607207 0.381104 1 0.000000 0.000000 0
0 0.672419 0.250000 0.136485 0.323009 0.000000 0.000000 0 0.000000 0.000000 0 0.000000 0.000000 0 0.000000 0.000000 0 0.000000 0.000000 0 0.671755 0.176630 1 0.000000 0.000000 0 0.655490 0.241472 1 0.618353 0.222387 1 0.631352 0.198856 1 0.000000 0.000000 0 0.655551 0.305323 1 0.629700 0.304199 1 0.000000 0.000000 0 0.000000 0.000000 0 0.000000 0.000000 0 0.698734 0.396469 1
