0 0.434876 0.557191 0.181298 0.611552 0.519760 0.366481 1 0.000000 0.000000 0 0.000000 0.000000 0 0.000000 0.000000 0 0.000000 0.000000 0 0.000000 0.000000 0 0.470438 0.381296 1 0.000000 0.000000 0 0.446589 0.372380 1 0.000000 0.000000 0 0.469672 0.298463 1 0.000000 0.000000 0 0.440692 0.514472 1 0.429151 0.690944 1 0.464917 0.680731 1 0.386396 0.567759 1 0.424792 0.814278 1
0 0.238311 0.483012 0.225191 0.535674 0.338099 0.291639 1 0.000000 0.000000 0 0.000000 0.000000 0 0.000000 0.000000 0 0.000000 0.000000 0 0.000000 0.000000 0 0.304771 0.304278 1 0.000000 0.000000 0 0.249802 0.314241 1 0.316297 0.435694 1 0.204016 0.323935 1 0.000000 0.000000 0 0.256975 0.430850 1 0.000000 0.000000 0 0.306557 0.575954 1 0.148422 0.688917 1 0.230609 0.551102 1
0 0.087548 0.608154 0.171756 0.611552 0.142510 0.372602 1 0.000000 0.000000 0 0.000000 0.000000 0 0.000000 0.000000 0 0.000000 0.000000 0 0.000000 0.000000 0 0.094641 0.406491 1 0.000000 0.000000 0 0.038318 0.447963 1 0.147328 0.484870 1 0.010956 0.520000 1 0.000000 0.000000 0 0.043530 0.534857 1 0.040696 0.723806 1 0.104528 0.689587 1 0.000000 0.000000 0 0.014291 0.688037 1
0 0.058235 0.203540 0.101695 0.351032 0.000000 0.000000 0 0.000000 0.000000 0 0.000000 0.000000 0 0.000000 0.000000 0 0.000000 0.000000 0 0.085514 0.091833 1 0.000000 0.000000 0 0.090620 0.158131 1 0.015682 0.166454 1 0.064432 0.109463 1 0.035026 0.112380 1 0.078432 0.235317 1 0.049429 0.234670 1 0.063479 0.361463 1 0.040836 0.349502 1 0.000000 0.000000 0 0.000000 0.000000 0
0 0.124693 0.245575 0.125781 0.284661 0.000000 0.000000 0 0.000000 0.000000 0 0.000000 0.000000 0 0.000000 0.000000 0 0.000000 0.000000 0 0.158566 0.187267 1 0.113547 0.172231 1 0.166130 0.236972 1 0.105438 0.220287 1 0.158865 0.191454 1 0.123057 0.179120 1 0.138480 0.287674 1 0.116124 0.287512 1 0.000000 0.000000 0 0.082320 0.344884 1 0.153685 0.358086 1 0.000000 0.000000 0
0 0.243070 0.237168 0.096343 0.317404 0.000000 0.000000 0 0.000000 0.000000 0 0.000000 0.000000 0 0.000000 0.000000 0 0.000000 0.000000 0 0.000000 0.000000 0 0.000000 0.000000 0 0.000000 0.000000 0 0.219391 0.215250 1 0.261528 0.169240 1 0.230082 0.158343 1 0.260991 0.298652 1 0.238053 0.300672 1 0.225050 0.374587 1 0.211453 0.364232 1 0.000000 0.000000 0 0.000000 0.000000 0
0 0.290171 0.250000 0.099911 0.296460 0.000000 0.000000 0 0.000000 0.000000 0 0.000000 0.000000 0 0.000000 0.000000 0 0.000000 0.000000 0 0.315639 0.171269 1 0.000000 0.000000 0 0.000000 0.000000 0 0.270774 0.239953 1 0.302814 0.186766 1 0.275776 0.178906 1 0.000000 0.000000 0 0.000000 0.000000 0 0.000000 0.000000 0 0.000000 0.000000 0 0.000000 0.000000 0 0.000000 0.000000 0
0 0.348155 0.229351 0.090990 0.367257 0.338155 0.094222 1 0.000000 0.000000 0 0.000000 0.000000 0 0.000000 0.000000 0 0.000000 0.000000 0 0.000000 0.000000 0 0.000000 0.000000 0 0.000000 0.000000 0 0.000000 0.000000 0 0.314832 0.133333 1 0.000000 0.000000 0 0.000000 0.000000 0 0.000000 0.000000 0 0.000000 0.000000 0 0.000000 0.000000 0 0.000000 0.000000 0 0.000000 0.000000 0
0 0.378039 0.242625 0.131490 0.329499 0.000000 0.000000 0 0.000000 0.000000 0 0.000000 0.000000 0 0.000000 0.000000 0 0.000000 0.000000 0 0.394070 0.159084 1 0.352384 0.159493 1 0.394976 0.217548 1 0.325892 0.202981 1 0.377891 0.178591 1 0.341096 0.152460 1 0.381280 0.329011 1 0.347493 0.326836 1 0.362314 0.396287 1 0.328629 0.387836 1 0.414563 0.383889 1 0.000000 0.000000 0
0 0.475006 0.253540 0.128100 0.315339 0.000000 0.000000 0 0.000000 0.000000 0 0.000000 0.000000 0 0.000000 0.000000 0 0.000000 0.000000 0 0.475411 0.179778 1 0.000000 0.000000 0 0.466470 0.246166 1 0.422510 0.225176 1 0.440974 0.201852 1 0.000000 0.000000 0 0.000000 0.000000 0 0.431966 0.307277 1 0.000000 0.000000 0 0.000000 0.000000 0 0.000000 0.000000 0 0.508518 0.394977 1
