0 0.419609 0.562288 0.208015 0.603624 0.516911 0.360833 1 0.000000 0.000000 0 0.000000 0.000000 0 0.000000 0.000000 0 0.000000 0.000000 0 0.502385 0.393861 1 0.467347 0.376595 1 0.000000 0.000000 0 0.434062 0.377491 1 0.000000 0.000000 0 0.440667 0.308259 1 0.000000 0.000000 0 0.444741 0.521321 1 0.405005 0.680102 1 0.478255 0.669537 1 0.360469 0.555794 1 0.467182 0.824463 1
0 0.259303 0.482446 0.188931 0.534541 0.338109 0.291194 1 0.000000 0.000000 0 0.000000 0.000000 0 0.000000 0.000000 0 0.000000 0.000000 0 0.000000 0.000000 0 0.310276 0.308333 1 0.000000 0.000000 0 0.261792 0.330713 1 0.295224 0.461528 1 0.216005 0.354944 1 0.000000 0.000000 0 0.259658 0.428711 1 0.239990 0.597194 1 0.285464 0.596269 1 0.186573 0.706361 1 0.220281 0.517389 1
0 0.075143 0.604757 0.146947 0.616082 0.138995 0.368287 1 0.000000 0.000000 0 0.000000 0.000000 0 0.000000 0.000000 0 0.000000 0.000000 0 0.000000 0.000000 0 0.098276 0.413083 1 0.000000 0.000000 0 0.053703 0.468454 1 0.121167 0.513861 1 0.027370 0.571907 1 0.000000 0.000000 0 0.000000 0.000000 0 0.000000 0.000000 0 0.076567 0.722532 1 0.021964 0.868123 1 0.000000 0.000000 0
0 0.026567 0.207965 0.050847 0.309735 0.000000 0.000000 0 0.000000 0.000000 0 0.000000 0.000000 0 0.000000 0.000000 0 0.000000 0.000000 0 0.039424 0.139521 1 0.000000 0.000000 0 0.029961 0.184817 1 0.000000 0.000000 0 0.017200 0.151073 1 0.000000 0.000000 0 0.010956 0.256735 1 0.000000 0.000000 0 0.000000 0.000000 0 0.000000 0.000000 0 0.000000 0.000000 0 0.000000 0.000000 0
0 0.106183 0.202065 0.102141 0.352507 0.000000 0.000000 0 0.000000 0.000000 0 0.000000 0.000000 0 0.000000 0.000000 0 0.000000 0.000000 0 0.132885 0.089231 1 0.000000 0.000000 0 0.139786 0.153576 1 0.067279 0.164657 1 0.115359 0.108167 1 0.084031 0.113185 1 0.128589 0.230185 1 0.096400 0.230029 1 0.000000 0.000000 0 0.089211 0.352268 1 0.000000 0.000000 0 0.000000 0.000000 0
0 0.170857 0.242625 0.119982 0.283186 0.000000 0.000000 0 0.000000 0.000000 0 0.000000 0.000000 0 0.000000 0.000000 0 0.000000 0.000000 0 0.206562 0.184369 1 0.162431 0.171471 1 0.214318 0.235556 1 0.153450 0.217446 1 0.206770 0.188159 1 0.171146 0.176083 1 0.188260 0.283988 1 0.164540 0.284031 1 0.167079 0.370429 1 0.000000 0.000000 0 0.000000 0.000000 0 0.000000 0.000000 0
0 0.294720 0.236578 0.090098 0.315044 0.000000 0.000000 0 0.000000 0.000000 0 0.000000 0.000000 0 0.000000 0.000000 0 0.000000 0.000000 0 0.000000 0.000000 0 0.000000 0.000000 0 0.000000 0.000000 0 0.268104 0.211266 1 0.311619 0.167820 1 0.274508 0.155830 1 0.000000 0.000000 0 0.000000 0.000000 0 0.000000 0.000000 0 0.000000 0.000000 0 0.000000 0.000000 0 0.000000 0.000000 0
0 0.339011 0.251106 0.100357 0.297198 0.000000 0.000000 0 0.000000 0.000000 0 0.000000 0.000000 0 0.000000 0.000000 0 0.000000 0.000000 0 0.365492 0.168449 1 0.000000 0.000000 0 0.363320 0.244800 1 0.000000 0.000000 0 0.355263 0.183424 1 0.324957 0.178044 1 0.359441 0.289600 1 0.000000 0.000000 0 0.341173 0.380110 1 0.000000 0.000000 0 0.000000 0.000000 0 0.000000 0.000000 0
0 0.400340 0.225295 0.087422 0.357670 0.388275 0.094787 1 0.000000 0.000000 0 0.000000 0.000000 0 0.000000 0.000000 0 0.000000 0.000000 0 0.000000 0.000000 0 0.000000 0.000000 0 0.000000 0.000000 0 0.000000 0.000000 0 0.366027 0.133333 1 0.000000 0.000000 0 0.000000 0.000000 0 0.000000 0.000000 0 0.000000 0.000000 0 0.000000 0.000000 0 0.000000 0.000000 0 0.000000 0.000000 0
0 0.426210 0.239676 0.132203 0.330678 0.000000 0.000000 0 0.000000 0.000000 0 0.000000 0.000000 0 0.000000 0.000000 0 0.000000 0.000000 0 0.443724 0.158463 1 0.399206 0.158585 1 0.445191 0.216243 1 0.372563 0.202943 1 0.426405 0.175888 1 0.388557 0.151935 1 0.429867 0.330650 1 0.397279 0.324412 1 0.413628 0.394379 1 0.378269 0.382185 1 0.000000 0.000000 0 0.000000 0.000000 0
0 0.526210 0.250295 0.129170 0.314749 0.000000 0.000000 0 0.000000 0.000000 0 0.000000 0.000000 0 0.000000 0.000000 0 0.000000 0.000000 0 0.525255 0.175991 1 0.000000 0.000000 0 0.513844 0.241500 1 0.471693 0.224037 1 0.487307 0.196259 1 0.000000 0.000000 0 0.511567 0.305071 1 0.481666 0.305471 1 0.000000 0.000000 0 0.000000 0.000000 0 0.000000 0.000000 0 0.555035 0.396939 1
