0 0.430105 0.558890 0.190840 0.614949 0.518490 0.364546 1 0.000000 0.000000 0 0.000000 0.000000 0 0.000000 0.000000 0 0.000000 0.000000 0 0.500282 0.397889 1 0.468042 0.381685 1 0.000000 0.000000 0 0.440589 0.375861 1 0.000000 0.000000 0 0.454651 0.301509 1 0.000000 0.000000 0 0.443567 0.515841 1 0.416448 0.688037 1 0.473276 0.675352 1 0.376441 0.561314 1 0.446245 0.820065 1
0 0.248330 0.481880 0.207061 0.533409 0.338104 0.291417 1 0.000000 0.000000 0 0.000000 0.000000 0 0.000000 0.000000 0 0.000000 0.000000 0 0.000000 0.000000 0 0.307526 0.306306 1 0.000000 0.000000 0 0.255797 0.322481 1 0.305760 0.448611 1 0.208375 0.339435 1 0.000000 0.000000 0 0.260023 0.429397 1 0.219276 0.597194 1 0.297766 0.586852 1 0.165859 0.698611 1 0.224464 0.533019 1
0 0.083731 0.601359 0.162214 0.613817 0.139651 0.370361 1 0.000000 0.000000 0 0.000000 0.000000 0 0.000000 0.000000 0 0.000000 0.000000 0 0.000000 0.000000 0 0.096458 0.409787 1 0.000000 0.000000 0 0.046443 0.458056 1 0.134250 0.498352 1 0.018750 0.547065 1 0.000000 0.000000 0 0.042819 0.540734 1 0.052125 0.723806 1 0.092681 0.707597 1 0.003044 0.857922 1 0.004711 0.664406 1
0 0.014524 0.233776 0.023194 0.258112 0.000000 0.000000 0 0.000000 0.000000 0 0.000000 0.000000 0 0.000000 0.000000 0 0.000000 0.000000 0 0.013632 0.142260 1 0.000000 0.000000 0 0.000000 0.000000 0 0.000000 0.000000 0 0.000000 0.000000 0 0.000000 0.000000 0 0.000000 0.000000 0 0.000000 0.000000 0 0.000000 0.000000 0 0.000000 0.000000 0 0.000000 0.000000 0 0.000000 0.000000 0
0 0.082209 0.202802 0.101918 0.351770 0.000000 0.000000 0 0.000000 0.000000 0 0.000000 0.000000 0 0.000000 0.000000 0 0.000000 0.000000 0 0.108708 0.090556 1 0.000000 0.000000 0 0.115229 0.156048 1 0.041370 0.166074 1 0.089542 0.109000 1 0.059438 0.112120 1 0.103901 0.233761 1 0.073953 0.232746 1 0.087532 0.357752 1 0.063259 0.350953 1 0.000000 0.000000 0 0.000000 0.000000 0
0 0.147775 0.244100 0.122881 0.283923 0.000000 0.000000 0 0.000000 0.000000 0 0.000000 0.000000 0 0.000000 0.000000 0 0.000000 0.000000 0 0.181463 0.184684 1 0.138293 0.171480 1 0.190422 0.236500 1 0.129329 0.220323 1 0.182751 0.191056 1 0.147802 0.176287 1 0.162010 0.284612 1 0.138835 0.283714 1 0.144144 0.367987 1 0.000000 0.000000 0 0.177460 0.357991 1 0.000000 0.000000 0
0 0.266888 0.235398 0.097235 0.319174 0.000000 0.000000 0 0.000000 0.000000 0 0.000000 0.000000 0 0.000000 0.000000 0 0.000000 0.000000 0 0.000000 0.000000 0 0.000000 0.000000 0 0.000000 0.000000 0 0.243375 0.213861 1 0.286680 0.169470 1 0.252522 0.156646 1 0.287668 0.293128 1 0.265092 0.292590 1 0.250839 0.371689 1 0.234975 0.362120 1 0.000000 0.000000 0 0.000000 0.000000 0
0 0.314591 0.250553 0.100134 0.296829 0.000000 0.000000 0 0.000000 0.000000 0 0.000000 0.000000 0 0.000000 0.000000 0 0.000000 0.000000 0 0.341375 0.168025 1 0.000000 0.000000 0 0.000000 0.000000 0 0.295495 0.242920 1 0.329653 0.188727 1 0.299938 0.178230 1 0.000000 0.000000 0 0.000000 0.000000 0 0.315187 0.384910 1 0.000000 0.000000 0 0.000000 0.000000 0 0.000000 0.000000 0
0 0.374247 0.227323 0.089206 0.362463 0.363264 0.094324 1 0.000000 0.000000 0 0.000000 0.000000 0 0.000000 0.000000 0 0.000000 0.000000 0 0.000000 0.000000 0 0.000000 0.000000 0 0.000000 0.000000 0 0.000000 0.000000 0 0.340429 0.134703 1 0.000000 0.000000 0 0.000000 0.000000 0 0.000000 0.000000 0 0.000000 0.000000 0 0.000000 0.000000 0 0.000000 0.000000 0 0.000000 0.000000 0
0 0.402124 0.241150 0.131847 0.330088 0.000000 0.000000 0 0.000000 0.000000 0 0.000000 0.000000 0 0.000000 0.000000 0 0.000000 0.000000 0 0.418934 0.158778 1 0.377141 0.157549 1 0.420488 0.216871 1 0.349241 0.205249 1 0.401292 0.178766 1 0.366888 0.153600 1 0.406868 0.331974 1 0.373885 0.326799 1 0.387943 0.396124 1 0.352727 0.386964 1 0.000000 0.000000 0 0.000000 0.000000 0
0 0.500608 0.251917 0.128635 0.315044 0.000000 0.000000 0 0.000000 0.000000 0 0.000000 0.000000 0 0.000000 0.000000 0 0.000000 0.000000 0 0.500953 0.178306 1 0.000000 0.000000 0 0.488740 0.243157 1 0.447448 0.224065 1 0.463828 0.198361 1 0.000000 0.000000 0 0.488745 0.302974 1 0.000000 0.000000 0 0.000000 0.000000 0 0.000000 0.000000 0 0.000000 0.000000 0 0.531608 0.396939 1
