0 0.406250 0.564434 0.290076 0.547236 0.512188 0.349704 1 0.000000 0.000000 0 0.000000 0.000000 0 0.000000 0.000000 0 0.000000 0.000000 0 0.501833 0.384361 1 0.460499 0.373290 1 0.000000 0.000000 0 0.420151 0.385843 1 0.511969 0.531907 1 0.406208 0.349972 1 0.000000 0.000000 0 0.440715 0.505917 1 0.382568 0.657630 1 0.496422 0.638537 1 0.312805 0.574998 1 0.504479 0.802694 1
0 0.257426 0.474216 0.190653 0.553268 0.338391 0.291454 1 0.000000 0.000000 0 0.000000 0.000000 0 0.000000 0.000000 0 0.000000 0.000000 0 0.000000 0.000000 0 0.312485 0.309204 1 0.000000 0.000000 0 0.281411 0.354454 1 0.000000 0.000000 0 0.247620 0.399685 1 0.000000 0.000000 0 0.258192 0.433386 1 0.000000 0.000000 0 0.242557 0.611130 1 0.256339 0.719926 1 0.205339 0.481667 1
0 0.073235 0.599660 0.145038 0.621744 0.135302 0.363000 1 0.000000 0.000000 0 0.000000 0.000000 0 0.000000 0.000000 0 0.000000 0.000000 0 0.000000 0.000000 0 0.098818 0.398546 1 0.024146 0.442148 1 0.072385 0.474611 1 0.000000 0.000000 0 0.077516 0.577722 1 0.058201 0.553222 1 0.033972 0.528719 1 0.096911 0.704583 1 0.021209 0.726747 1 0.091734 0.871093 1 0.000000 0.000000 0
0 0.042178 0.160214 0.076717 0.318215 0.042178 0.033003 1 0.000000 0.000000 0 0.000000 0.000000 0 0.000000 0.000000 0 0.000000 0.000000 0 0.000000 0.000000 0 0.000000 0.000000 0 0.000000 0.000000 0 0.014255 0.123806 1 0.057667 0.084472 1 0.023307 0.075046 1 0.000000 0.000000 0 0.027905 0.156797 1 0.000000 0.000000 0 0.015345 0.206174 1 0.000000 0.000000 0 0.000000 0.000000 0
0 0.067378 0.199668 0.121766 0.298304 0.000000 0.000000 0 0.000000 0.000000 0 0.000000 0.000000 0 0.000000 0.000000 0 0.000000 0.000000 0 0.108512 0.139803 1 0.000000 0.000000 0 0.102358 0.181551 1 0.040341 0.159012 1 0.087641 0.150430 1 0.058517 0.126666 1 0.090806 0.258167 1 0.059587 0.253622 1 0.000000 0.000000 0 0.022616 0.345796 1 0.000000 0.000000 0 0.000000 0.000000 0
0 0.178440 0.199484 0.102141 0.349558 0.000000 0.000000 0 0.000000 0.000000 0 0.000000 0.000000 0 0.000000 0.000000 0 0.000000 0.000000 0 0.207068 0.087241 1 0.000000 0.000000 0 0.209138 0.152613 1 0.140930 0.162574 1 0.187068 0.105176 1 0.156073 0.110222 1 0.198332 0.230940 1 0.171038 0.229459 1 0.183126 0.355620 1 0.163396 0.350620 1 0.000000 0.000000 0 0.000000 0.000000 0
0 0.243003 0.239676 0.109500 0.284661 0.000000 0.000000 0 0.000000 0.000000 0 0.000000 0.000000 0 0.000000 0.000000 0 0.000000 0.000000 0 0.278104 0.182601 1 0.234021 0.169250 1 0.284354 0.232417 1 0.226922 0.213167 1 0.278664 0.188168 1 0.241661 0.176648 1 0.257971 0.282424 1 0.234649 0.282068 1 0.236117 0.378426 1 0.199480 0.343292 1 0.000000 0.000000 0 0.000000 0.000000 0
0 0.362762 0.233960 0.098350 0.314528 0.000000 0.000000 0 0.000000 0.000000 0 0.000000 0.000000 0 0.000000 0.000000 0 0.000000 0.000000 0 0.000000 0.000000 0 0.000000 0.000000 0 0.000000 0.000000 0 0.340464 0.210120 1 0.382289 0.165512 1 0.345733 0.155258 1 0.383077 0.291143 1 0.359641 0.288236 1 0.345867 0.370446 1 0.331044 0.363470 1 0.000000 0.000000 0 0.000000 0.000000 0
0 0.411379 0.250737 0.100580 0.295723 0.000000 0.000000 0 0.000000 0.000000 0 0.000000 0.000000 0 0.000000 0.000000 0 0.000000 0.000000 0 0.441278 0.167989 1 0.000000 0.000000 0 0.434879 0.239792 1 0.391446 0.240274 1 0.427434 0.190808 1 0.396668 0.178249 1 0.437318 0.279734 1 0.406906 0.282839 1 0.000000 0.000000 0 0.374833 0.310509 1 0.000000 0.000000 0 0.000000 0.000000 0
0 0.471593 0.223083 0.092105 0.349558 0.461591 0.097611 1 0.000000 0.000000 0 0.000000 0.000000 0 0.000000 0.000000 0 0.000000 0.000000 0 0.000000 0.000000 0 0.000000 0.000000 0 0.000000 0.000000 0 0.000000 0.000000 0 0.437699 0.136073 1 0.000000 0.000000 0 0.000000 0.000000 0 0.000000 0.000000 0 0.000000 0.000000 0 0.000000 0.000000 0 0.000000 0.000000 0 0.000000 0.000000 0
0 0.498244 0.237463 0.133363 0.334071 0.000000 0.000000 0 0.000000 0.000000 0 0.000000 0.000000 0 0.000000 0.000000 0 0.000000 0.000000 0 0.514408 0.154705 1 0.470162 0.150736 1 0.515868 0.217084 1 0.443020 0.202099 1 0.495479 0.174526 1 0.460515 0.150400 1 0.000000 0.000000 0 0.468386 0.319073 1 0.000000 0.000000 0 0.000000 0.000000 0 0.532811 0.379200 1 0.000000 0.000000 0
0 0.601165 0.247788 0.131802 0.316372 0.000000 0.000000 0 0.000000 0.000000 0 0.000000 0.000000 0 0.000000 0.000000 0 0.000000 0.000000 0 0.599104 0.177130 1 0.000000 0.000000 0 0.583688 0.241657 1 0.545118 0.220547 1 0.559052 0.195574 1 0.000000 0.000000 0 0.583731 0.304734 1 0.556323 0.304220 1 0.000000 0.000000 0 0.000000 0.000000 0 0.000000 0.000000 0 0.628998 0.395334 1
