0 0.416746 0.569083 0.236641 0.587769 0.515339 0.357120 1 0.000000 0.000000 0 0.000000 0.000000 0 0.000000 0.000000 0 0.000000 0.000000 0 0.502708 0.389824 1 0.464499 0.377316 1 0.000000 0.000000 0 0.427536 0.380046 1 0.479932 0.554833 1 0.428484 0.321231 1 0.000000 0.000000 0 0.442546 0.516646 1 0.395391 0.671546 1 0.485422 0.659204 1 0.346373 0.556692 1 0.489682 0.827009 1
0 0.261689 0.484711 0.182252 0.532276 0.338120 0.290972 1 0.000000 0.000000 0 0.000000 0.000000 0 0.000000 0.000000 0 0.000000 0.000000 0 0.000000 0.000000 0 0.313026 0.310370 1 0.000000 0.000000 0 0.267786 0.338954 1 0.284682 0.474454 1 0.223635 0.370444 1 0.000000 0.000000 0 0.257463 0.422510 1 0.000000 0.000000 0 0.273161 0.606000 1 0.209464 0.710241 1 0.216625 0.504537 1
0 0.074666 0.603058 0.144084 0.621744 0.138344 0.367148 1 0.000000 0.000000 0 0.000000 0.000000 0 0.000000 0.000000 0 0.000000 0.000000 0 0.000000 0.000000 0 0.098453 0.408241 1 0.000000 0.000000 0 0.060703 0.475611 1 0.101547 0.527426 1 0.040448 0.579657 1 0.000000 0.000000 0 0.037984 0.530580 1 0.082416 0.712176 1 0.057795 0.731086 1 0.045948 0.870623 1 0.000000 0.000000 0
0 0.018538 0.161504 0.031222 0.311209 0.000000 0.000000 0 0.000000 0.000000 0 0.000000 0.000000 0 0.000000 0.000000 0 0.000000 0.000000 0 0.000000 0.000000 0 0.000000 0.000000 0 0.000000 0.000000 0 0.000000 0.000000 0 0.012784 0.092237 1 0.000000 0.000000 0 0.000000 0.000000 0 0.000000 0.000000 0 0.000000 0.000000 0 0.000000 0.000000 0 0.000000 0.000000 0 0.000000 0.000000 0
0 0.040617 0.204277 0.076271 0.300885 0.000000 0.000000 0 0.000000 0.000000 0 0.000000 0.000000 0 0.000000 0.000000 0 0.000000 0.000000 0 0.062053 0.140257 1 0.000000 0.000000 0 0.054382 0.183836 1 0.000000 0.000000 0 0.039587 0.148655 1 0.011630 0.127963 1 0.036469 0.256139 1 0.011839 0.249593 1 0.000000 0.000000 0 0.000000 0.000000 0 0.000000 0.000000 0 0.000000 0.000000 0
0 0.130157 0.201327 0.102364 0.353245 0.000000 0.000000 0 0.000000 0.000000 0 0.000000 0.000000 0 0.000000 0.000000 0 0.000000 0.000000 0 0.158099 0.088241 1 0.000000 0.000000 0 0.164333 0.155751 1 0.090812 0.163769 1 0.138573 0.106824 1 0.107583 0.109083 1 0.151458 0.231289 1 0.121589 0.230437 1 0.000000 0.000000 0 0.000000 0.000000 0 0.000000 0.000000 0 0.000000 0.000000 0
0 0.194832 0.241150 0.115299 0.282448 0.000000 0.000000 0 0.000000 0.000000 0 0.000000 0.000000 0 0.000000 0.000000 0 0.000000 0.000000 0 0.230255 0.182453 1 0.185938 0.169722 1 0.237891 0.235056 1 0.179276 0.215148 1 0.232097 0.191481 1 0.194422 0.176852 1 0.210795 0.287813 1 0.189178 0.286100 1 0.000000 0.000000 0 0.153285 0.344164 1 0.224389 0.359361 1 0.000000 0.000000 0
0 0.314524 0.237758 0.099019 0.310914 0.000000 0.000000 0 0.000000 0.000000 0 0.000000 0.000000 0 0.000000 0.000000 0 0.000000 0.000000 0 0.000000 0.000000 0 0.000000 0.000000 0 0.000000 0.000000 0 0.292172 0.212810 1 0.334851 0.167788 1 0.298224 0.156212 1 0.000000 0.000000 0 0.000000 0.000000 0 0.000000 0.000000 0 0.000000 0.000000 0 0.000000 0.000000 0 0.000000 0.000000 0
0 0.363431 0.251659 0.100580 0.297566 0.000000 0.000000 0 0.000000 0.000000 0 0.000000 0.000000 0 0.000000 0.000000 0 0.000000 0.000000 0 0.390760 0.165685 1 0.000000 0.000000 0 0.386249 0.242939 1 0.000000 0.000000 0 0.378535 0.178690 1 0.349218 0.179609 1 0.388939 0.290188 1 0.355756 0.288679 1 0.366888 0.377600 1 0.000000 0.000000 0 0.000000 0.000000 0 0.000000 0.000000 0
0 0.426433 0.223267 0.085638 0.352876 0.412368 0.094602 1 0.000000 0.000000 0 0.000000 0.000000 0 0.000000 0.000000 0 0.000000 0.000000 0 0.000000 0.000000 0 0.000000 0.000000 0 0.000000 0.000000 0 0.000000 0.000000 0 0.388211 0.133333 1 0.000000 0.000000 0 0.000000 0.000000 0 0.000000 0.000000 0 0.000000 0.000000 0 0.000000 0.000000 0 0.000000 0.000000 0 0.000000 0.000000 0
0 0.450295 0.238201 0.132560 0.331268 0.000000 0.000000 0 0.000000 0.000000 0 0.000000 0.000000 0 0.000000 0.000000 0 0.000000 0.000000 0 0.467948 0.155621 1 0.421959 0.155753 1 0.467089 0.215437 1 0.396011 0.205060 1 0.450232 0.177441 1 0.414167 0.148800 1 0.452703 0.332502 1 0.000000 0.000000 0 0.000000 0.000000 0 0.402648 0.381940 1 0.000000 0.000000 0 0.000000 0.000000 0
0 0.551812 0.248673 0.129706 0.314454 0.000000 0.000000 0 0.000000 0.000000 0 0.000000 0.000000 0 0.000000 0.000000 0 0.000000 0.000000 0 0.549651 0.175111 1 0.000000 0.000000 0 0.536819 0.241888 1 0.495964 0.223389 1 0.510708 0.195306 1 0.000000 0.000000 0 0.536525 0.305929 1 0.504849 0.305394 1 0.000000 0.000000 0 0.000000 0.000000 0 0.000000 0.000000 0 0.580052 0.393964 1
