0 0.399094 0.552148 0.313931 0.537834 0.508427 0.339037 1 0.000000 0.000000 0 0.000000 0.000000 0 0.000000 0.000000 0 0.000000 0.000000 0 0.500964 0.378907 1 0.457358 0.373363 1 0.490667 0.453500 1 0.413417 0.393417 1 0.531396 0.481843 1 0.389609 0.378657 1 0.000000 0.000000 0 0.439733 0.503407 1 0.373651 0.648120 1 0.504745 0.618787 1 0.287569 0.619584 1 0.501828 0.779759 1
0 0.248943 0.484540 0.212103 0.538729 0.338922 0.292870 1 0.000000 0.000000 0 0.000000 0.000000 0 0.000000 0.000000 0 0.000000 0.000000 0 0.285127 0.290387 1 0.316210 0.302567 1 0.237212 0.386528 1 0.296677 0.363176 1 0.221479 0.455074 1 0.271604 0.428194 1 0.277893 0.450909 1 0.000000 0.000000 0 0.305396 0.577806 1 0.220885 0.594620 1 0.297766 0.723806 1 0.186115 0.464204 1
0 0.090410 0.583687 0.175573 0.603861 0.131109 0.358861 1 0.000000 0.000000 0 0.000000 0.000000 0 0.000000 0.000000 0 0.000000 0.000000 0 0.064717 0.361399 1 0.099182 0.388861 1 0.011163 0.403972 1 0.082193 0.465889 1 0.000000 0.000000 0 0.121120 0.558343 1 0.057763 0.554889 1 0.028212 0.526952 1 0.110536 0.682620 1 0.000445 0.730183 1 0.125526 0.851713 1 0.000000 0.000000 0
0 0.088119 0.170538 0.077609 0.341077 0.091239 0.033760 1 0.000000 0.000000 0 0.000000 0.000000 0 0.000000 0.000000 0 0.000000 0.000000 0 0.000000 0.000000 0 0.000000 0.000000 0 0.000000 0.000000 0 0.063016 0.119694 1 0.104903 0.083666 1 0.071021 0.071639 1 0.000000 0.000000 0 0.076039 0.158991 1 0.000000 0.000000 0 0.063582 0.212372 1 0.000000 0.000000 0 0.000000 0.000000 0
0 0.114212 0.202249 0.119090 0.301991 0.000000 0.000000 0 0.000000 0.000000 0 0.000000 0.000000 0 0.000000 0.000000 0 0.000000 0.000000 0 0.158668 0.137628 1 0.000000 0.000000 0 0.151372 0.181412 1 0.088221 0.161132 1 0.136086 0.150244 1 0.107230 0.127472 1 0.137562 0.255965 1 0.108146 0.253928 1 0.000000 0.000000 0 0.000000 0.000000 0 0.000000 0.000000 0 0.000000 0.000000 0
0 0.227057 0.197271 0.101249 0.340708 0.000000 0.000000 0 0.000000 0.000000 0 0.000000 0.000000 0 0.000000 0.000000 0 0.000000 0.000000 0 0.255161 0.087343 1 0.000000 0.000000 0 0.258587 0.152579 1 0.188020 0.161685 1 0.234417 0.104796 1 0.205135 0.110102 1 0.245329 0.233484 1 0.218475 0.234886 1 0.232925 0.358512 1 0.208096 0.349046 1 0.000000 0.000000 0 0.000000 0.000000 0
0 0.290505 0.241888 0.109054 0.286136 0.000000 0.000000 0 0.000000 0.000000 0 0.000000 0.000000 0 0.000000 0.000000 0 0.000000 0.000000 0 0.326722 0.183249 1 0.281516 0.168009 1 0.000000 0.000000 0 0.275359 0.211593 1 0.326667 0.185723 1 0.288254 0.179790 1 0.000000 0.000000 0 0.000000 0.000000 0 0.000000 0.000000 0 0.000000 0.000000 0 0.000000 0.000000 0 0.000000 0.000000 0
0 0.411602 0.230642 0.095227 0.316740 0.000000 0.000000 0 0.000000 0.000000 0 0.000000 0.000000 0 0.000000 0.000000 0 0.000000 0.000000 0 0.000000 0.000000 0 0.000000 0.000000 0 0.000000 0.000000 0 0.388286 0.212509 1 0.431116 0.165609 1 0.397490 0.153167 1 0.429526 0.288169 1 0.406890 0.286225 1 0.399894 0.367987 1 0.377709 0.364686 1 0.000000 0.000000 0 0.000000 0.000000 0
0 0.458436 0.247788 0.100134 0.291298 0.000000 0.000000 0 0.000000 0.000000 0 0.000000 0.000000 0 0.000000 0.000000 0 0.000000 0.000000 0 0.488480 0.169129 1 0.000000 0.000000 0 0.482536 0.243676 1 0.439664 0.238585 1 0.473026 0.182372 1 0.444428 0.178387 1 0.484755 0.287244 1 0.452291 0.282360 1 0.000000 0.000000 0 0.422922 0.309898 1 0.000000 0.000000 0 0.000000 0.000000 0
0 0.519542 0.225295 0.088983 0.355457 0.511543 0.096260 1 0.000000 0.000000 0 0.000000 0.000000 0 0.000000 0.000000 0 0.000000 0.000000 0 0.000000 0.000000 0 0.000000 0.000000 0 0.000000 0.000000 0 0.000000 0.000000 0 0.485481 0.136073 1 0.000000 0.000000 0 0.000000 0.000000 0 0.000000 0.000000 0 0.000000 0.000000 0 0.000000 0.000000 0 0.000000 0.000000 0 0.000000 0.000000 0
0 0.545969 0.238938 0.134255 0.338496 0.000000 0.000000 0 0.000000 0.000000 0 0.000000 0.000000 0 0.000000 0.000000 0 0.000000 0.000000 0 0.563292 0.155435 1 0.516395 0.155503 1 0.560948 0.215353 1 0.492396 0.201787 1 0.543087 0.172767 1 0.509206 0.148500 1 0.546430 0.330421 1 0.514323 0.322812 1 0.533116 0.394886 1 0.000000 0.000000 0 0.583426 0.382400 1 0.000000 0.000000 0
0 0.648667 0.249263 0.134924 0.320796 0.000000 0.000000 0 0.000000 0.000000 0 0.000000 0.000000 0 0.000000 0.000000 0 0.000000 0.000000 0 0.647182 0.175065 1 0.000000 0.000000 0 0.631156 0.242176 1 0.593592 0.221247 1 0.606327 0.195323 1 0.000000 0.000000 0 0.632661 0.308233 1 0.605144 0.309443 1 0.000000 0.000000 0 0.000000 0.000000 0 0.000000 0.000000 0 0.676316 0.396704 1
