0 0.441078 0.558890 0.174618 0.601359 0.522307 0.370361 1 0.000000 0.000000 0 0.000000 0.000000 0 0.000000 0.000000 0 0.000000 0.000000 0 0.000000 0.000000 0 0.475234 0.380528 1 0.000000 0.000000 0 0.459295 0.369471 1 0.405214 0.482759 1 0.495661 0.307074 1 0.000000 0.000000 0 0.429812 0.514472 1 0.465297 0.674361 1 0.437844 0.690519 1 0.398737 0.591685 1 0.384233 0.804131 1
0 0.223645 0.478759 0.252614 0.526061 0.335922 0.298611 1 0.000000 0.000000 0 0.000000 0.000000 0 0.000000 0.000000 0 0.000000 0.000000 0 0.000000 0.000000 0 0.298542 0.302481 1 0.000000 0.000000 0 0.240536 0.300676 1 0.322823 0.407870 1 0.196385 0.300676 1 0.000000 0.000000 0 0.256103 0.433165 1 0.186573 0.558426 1 0.317604 0.551389 1 0.000000 0.000000 0 0.245490 0.598481 1
0 0.092319 0.570215 0.179389 0.531144 0.145099 0.377102 1 0.000000 0.000000 0 0.000000 0.000000 0 0.000000 0.000000 0 0.000000 0.000000 0 0.117896 0.409204 1 0.091005 0.399907 1 0.117896 0.490602 1 0.033229 0.411426 1 0.159323 0.453861 1 0.000000 0.000000 0 0.000000 0.000000 0 0.048019 0.538057 1 0.009525 0.718361 1 0.120740 0.659622 1 0.000000 0.000000 0 0.041589 0.737370 1
0 0.030581 0.210177 0.053524 0.352507 0.000000 0.000000 0 0.000000 0.000000 0 0.000000 0.000000 0 0.000000 0.000000 0 0.000000 0.000000 0 0.037795 0.095710 1 0.000000 0.000000 0 0.039799 0.158659 1 0.000000 0.000000 0 0.018297 0.124120 1 0.000000 0.000000 0 0.028596 0.234109 1 0.000000 0.000000 0 0.013911 0.362454 1 0.000000 0.000000 0 0.000000 0.000000 0 0.000000 0.000000 0
0 0.076076 0.251106 0.123996 0.289823 0.000000 0.000000 0 0.000000 0.000000 0 0.000000 0.000000 0 0.000000 0.000000 0 0.000000 0.000000 0 0.109055 0.189527 1 0.063536 0.174630 1 0.117219 0.238259 1 0.058010 0.218556 1 0.111145 0.194815 1 0.074125 0.181370 1 0.087961 0.287776 1 0.064347 0.286436 1 0.000000 0.000000 0 0.028797 0.346006 1 0.000000 0.000000 0 0.000000 0.000000 0
0 0.194274 0.240118 0.093666 0.316814 0.000000 0.000000 0 0.000000 0.000000 0 0.000000 0.000000 0 0.000000 0.000000 0 0.000000 0.000000 0 0.000000 0.000000 0 0.000000 0.000000 0 0.000000 0.000000 0 0.169411 0.218241 1 0.213777 0.173523 1 0.179827 0.164228 1 0.000000 0.000000 0 0.000000 0.000000 0 0.176879 0.375677 1 0.164946 0.368119 1 0.000000 0.000000 0 0.000000 0.000000 0
0 0.238877 0.253319 0.098127 0.298673 0.000000 0.000000 0 0.000000 0.000000 0 0.000000 0.000000 0 0.000000 0.000000 0 0.000000 0.000000 0 0.268115 0.173640 1 0.000000 0.000000 0 0.268195 0.257903 1 0.221155 0.244205 1 0.256238 0.186486 1 0.227342 0.177235 1 0.000000 0.000000 0 0.236436 0.294288 1 0.246266 0.386049 1 0.206472 0.317479 1 0.000000 0.000000 0 0.000000 0.000000 0
0 0.297842 0.228171 0.087422 0.363717 0.288045 0.093954 1 0.000000 0.000000 0 0.000000 0.000000 0 0.000000 0.000000 0 0.000000 0.000000 0 0.000000 0.000000 0 0.000000 0.000000 0 0.000000 0.000000 0 0.000000 0.000000 0 0.266197 0.133333 1 0.000000 0.000000 0 0.000000 0.000000 0 0.000000 0.000000 0 0.000000 0.000000 0 0.000000 0.000000 0 0.000000 0.000000 0 0.000000 0.000000 0
0 0.328618 0.244985 0.130419 0.329499 0.000000 0.000000 0 0.000000 0.000000 0 0.000000 0.000000 0 0.000000 0.000000 0 0.000000 0.000000 0 0.346059 0.162963 1 0.305583 0.160123 1 0.347801 0.225144 1 0.277023 0.207079 1 0.331916 0.184599 1 0.293739 0.155200 1 0.333257 0.331834 1 0.000000 0.000000 0 0.000000 0.000000 0 0.000000 0.000000 0 0.361535 0.385600 1 0.000000 0.000000 0
0 0.424872 0.256195 0.126673 0.314749 0.000000 0.000000 0 0.000000 0.000000 0 0.000000 0.000000 0 0.000000 0.000000 0 0.000000 0.000000 0 0.426141 0.183185 1 0.000000 0.000000 0 0.416359 0.247185 1 0.372568 0.232361 1 0.391859 0.203537 1 0.000000 0.000000 0 0.413111 0.312274 1 0.385507 0.310636 1 0.000000 0.000000 0 0.000000 0.000000 0 0.000000 0.000000 0 0.000000 0.000000 0
