0 0.438216 0.558890 0.178435 0.612684 0.521031 0.368426 1 0.000000 0.000000 0 0.000000 0.000000 0 0.000000 0.000000 0 0.000000 0.000000 0 0.000000 0.000000 0 0.472839 0.380907 1 0.000000 0.000000 0 0.452349 0.368407 1 0.418573 0.499796 1 0.483135 0.299583 1 0.000000 0.000000 0 0.436105 0.511732 1 0.000000 0.000000 0 0.451109 0.684176 1 0.393630 0.579703 1 0.403333 0.809417 1
0 0.233571 0.482156 0.234671 0.535121 0.337010 0.295120 1 0.000000 0.000000 0 0.000000 0.000000 0 0.000000 0.000000 0 0.000000 0.000000 0 0.000000 0.000000 0 0.301656 0.303380 1 0.000000 0.000000 0 0.245167 0.307463 1 0.317380 0.417907 1 0.199656 0.312306 1 0.000000 0.000000 0 0.254779 0.431239 1 0.192026 0.573935 1 0.315354 0.563213 1 0.136427 0.677296 1 0.236547 0.574065 1
0 0.089456 0.563420 0.175573 0.510759 0.143802 0.374852 1 0.000000 0.000000 0 0.000000 0.000000 0 0.000000 0.000000 0 0.000000 0.000000 0 0.000000 0.000000 0 0.092823 0.403194 1 0.105906 0.492537 1 0.035255 0.430620 1 0.154958 0.469370 1 0.000000 0.000000 0 0.000000 0.000000 0 0.044495 0.537827 1 0.000000 0.000000 0 0.114817 0.675687 1 0.000000 0.000000 0 0.028177 0.712176 1
0 0.044408 0.206858 0.077609 0.351770 0.000000 0.000000 0 0.000000 0.000000 0 0.000000 0.000000 0 0.000000 0.000000 0 0.000000 0.000000 0 0.058734 0.092241 1 0.000000 0.000000 0 0.066182 0.158104 1 0.000000 0.000000 0 0.038458 0.111630 1 0.011380 0.111479 1 0.053040 0.233112 1 0.023679 0.233209 1 0.038215 0.362370 1 0.011788 0.354161 1 0.000000 0.000000 0 0.000000 0.000000 0
0 0.101500 0.249078 0.122658 0.285767 0.000000 0.000000 0 0.000000 0.000000 0 0.000000 0.000000 0 0.000000 0.000000 0 0.000000 0.000000 0 0.132994 0.187351 1 0.088698 0.174853 1 0.141693 0.237565 1 0.082734 0.216472 1 0.135116 0.192213 1 0.099854 0.177787 1 0.115004 0.289460 1 0.089831 0.287316 1 0.000000 0.000000 0 0.055442 0.345725 1 0.000000 0.000000 0 0.000000 0.000000 0
0 0.219252 0.238938 0.095450 0.315634 0.000000 0.000000 0 0.000000 0.000000 0 0.000000 0.000000 0 0.000000 0.000000 0 0.000000 0.000000 0 0.000000 0.000000 0 0.000000 0.000000 0 0.000000 0.000000 0 0.194469 0.217398 1 0.238087 0.170725 1 0.202993 0.159626 1 0.000000 0.000000 0 0.213850 0.298931 1 0.199393 0.373987 1 0.186978 0.365173 1 0.000000 0.000000 0 0.000000 0.000000 0
0 0.264524 0.251659 0.099019 0.297566 0.000000 0.000000 0 0.000000 0.000000 0 0.000000 0.000000 0 0.000000 0.000000 0 0.000000 0.000000 0 0.292382 0.172559 1 0.000000 0.000000 0 0.000000 0.000000 0 0.247305 0.246887 1 0.280170 0.191647 1 0.251385 0.180461 1 0.000000 0.000000 0 0.260868 0.290320 1 0.000000 0.000000 0 0.000000 0.000000 0 0.000000 0.000000 0 0.000000 0.000000 0
0 0.322998 0.228761 0.089206 0.365487 0.312089 0.094148 1 0.000000 0.000000 0 0.000000 0.000000 0 0.000000 0.000000 0 0.000000 0.000000 0 0.000000 0.000000 0 0.000000 0.000000 0 0.000000 0.000000 0 0.000000 0.000000 0 0.290088 0.134703 1 0.000000 0.000000 0 0.000000 0.000000 0 0.000000 0.000000 0 0.000000 0.000000 0 0.000000 0.000000 0 0.000000 0.000000 0 0.000000 0.000000 0
0 0.353953 0.244100 0.131133 0.328909 0.000000 0.000000 0 0.000000 0.000000 0 0.000000 0.000000 0 0.000000 0.000000 0 0.000000 0.000000 0 0.370616 0.160334 1 0.326964 0.160169 1 0.371299 0.220640 1 0.301923 0.206400 1 0.355723 0.183072 1 0.318717 0.155200 1 0.357372 0.329857 1 0.000000 0.000000 0 0.340755 0.397536 1 0.312968 0.391249 1 0.388297 0.384000 1 0.000000 0.000000 0
0 0.449403 0.255162 0.127565 0.315634 0.000000 0.000000 0 0.000000 0.000000 0 0.000000 0.000000 0 0.000000 0.000000 0 0.000000 0.000000 0 0.451458 0.181657 1 0.000000 0.000000 0 0.440495 0.246667 1 0.397328 0.229694 1 0.415687 0.201778 1 0.000000 0.000000 0 0.438623 0.308277 1 0.408593 0.308882 1 0.000000 0.000000 0 0.000000 0.000000 0 0.000000 0.000000 0 0.000000 0.000000 0
