0 0.436784 0.569649 0.188931 0.593431 0.523578 0.372296 1 0.000000 0.000000 0 0.000000 0.000000 0 0.000000 0.000000 0 0.000000 0.000000 0 0.000000 0.000000 0 0.477635 0.380139 1 0.441374 0.414897 1 0.464463 0.369145 1 0.397776 0.460194 1 0.507146 0.315500 1 0.000000 0.000000 0 0.431670 0.512620 1 0.476569 0.660981 1 0.424219 0.689769 1 0.402370 0.604574 1 0.366258 0.795364 1
0 0.223044 0.469989 0.259542 0.489241 0.334828 0.302102 1 0.000000 0.000000 0 0.000000 0.000000 0 0.000000 0.000000 0 0.000000 0.000000 0 0.000000 0.000000 0 0.295427 0.301574 1 0.000000 0.000000 0 0.235901 0.293898 1 0.320089 0.402685 1 0.194203 0.287111 1 0.000000 0.000000 0 0.257432 0.430982 1 0.184391 0.552620 1 0.321313 0.539565 1 0.000000 0.000000 0 0.259000 0.618000 1
0 0.090856 0.578024 0.178497 0.551766 0.145464 0.381620 1 0.000000 0.000000 0 0.000000 0.000000 0 0.000000 0.000000 0 0.000000 0.000000 0 0.120193 0.410657 1 0.089188 0.396611 1 0.123349 0.484787 1 0.030687 0.391759 1 0.159323 0.438361 1 0.000000 0.000000 0 0.000000 0.000000 0 0.053250 0.535556 1 0.000000 0.000000 0 0.130219 0.652437 1 0.000000 0.000000 0 0.059884 0.757555 1
0 0.016308 0.223451 0.026762 0.311209 0.000000 0.000000 0 0.000000 0.000000 0 0.000000 0.000000 0 0.000000 0.000000 0 0.000000 0.000000 0 0.009249 0.097360 1 0.000000 0.000000 0 0.013787 0.162837 1 0.000000 0.000000 0 0.000000 0.000000 0 0.000000 0.000000 0 0.005603 0.229373 1 0.000000 0.000000 0 0.000000 0.000000 0 0.000000 0.000000 0 0.000000 0.000000 0 0.000000 0.000000 0
0 0.057789 0.253872 0.111062 0.292404 0.000000 0.000000 0 0.000000 0.000000 0 0.000000 0.000000 0 0.000000 0.000000 0 0.000000 0.000000 0 0.082702 0.190625 1 0.038729 0.175950 1 0.092937 0.241911 1 0.032589 0.224763 1 0.085352 0.195958 1 0.047726 0.186013 1 0.064438 0.290626 1 0.038937 0.289461 1 0.000000 0.000000 0 0.010292 0.349270 1 0.080191 0.360731 1 0.000000 0.000000 0
0 0.169296 0.241298 0.091882 0.317994 0.000000 0.000000 0 0.000000 0.000000 0 0.000000 0.000000 0 0.000000 0.000000 0 0.000000 0.000000 0 0.000000 0.000000 0 0.000000 0.000000 0 0.000000 0.000000 0 0.144656 0.220444 1 0.191894 0.176845 1 0.155365 0.163756 1 0.000000 0.000000 0 0.163527 0.307116 1 0.154733 0.375957 1 0.000000 0.000000 0 0.000000 0.000000 0 0.000000 0.000000 0
0 0.213230 0.254978 0.097235 0.299779 0.000000 0.000000 0 0.000000 0.000000 0 0.000000 0.000000 0 0.000000 0.000000 0 0.000000 0.000000 0 0.245064 0.174159 1 0.000000 0.000000 0 0.241729 0.254305 1 0.197475 0.247259 1 0.234162 0.189551 1 0.201927 0.179472 1 0.000000 0.000000 0 0.000000 0.000000 0 0.216835 0.389724 1 0.181747 0.321589 1 0.000000 0.000000 0 0.000000 0.000000 0
0 0.272686 0.227581 0.085638 0.361947 0.263981 0.095684 1 0.000000 0.000000 0 0.000000 0.000000 0 0.000000 0.000000 0 0.000000 0.000000 0 0.000000 0.000000 0 0.000000 0.000000 0 0.000000 0.000000 0 0.000000 0.000000 0 0.240600 0.133333 1 0.000000 0.000000 0 0.000000 0.000000 0 0.000000 0.000000 0 0.000000 0.000000 0 0.000000 0.000000 0 0.000000 0.000000 0 0.000000 0.000000 0
0 0.303284 0.245870 0.129706 0.330088 0.000000 0.000000 0 0.000000 0.000000 0 0.000000 0.000000 0 0.000000 0.000000 0 0.000000 0.000000 0 0.321248 0.166417 1 0.280665 0.162975 1 0.324493 0.223199 1 0.254007 0.207935 1 0.307818 0.187609 1 0.269177 0.158769 1 0.000000 0.000000 0 0.000000 0.000000 0 0.000000 0.000000 0 0.000000 0.000000 0 0.338342 0.384000 1 0.000000 0.000000 0
0 0.400340 0.257227 0.125781 0.313864 0.000000 0.000000 0 0.000000 0.000000 0 0.000000 0.000000 0 0.000000 0.000000 0 0.000000 0.000000 0 0.401917 0.183796 1 0.000000 0.000000 0 0.390896 0.249519 1 0.349047 0.234350 1 0.367802 0.204694 1 0.000000 0.000000 0 0.387877 0.313978 1 0.360334 0.312338 1 0.000000 0.000000 0 0.000000 0.000000 0 0.000000 0.000000 0 0.432745 0.401284 1
