0 0.411975 0.570215 0.265267 0.560589 0.513760 0.353417 1 0.000000 0.000000 0 0.000000 0.000000 0 0.000000 0.000000 0 0.000000 0.000000 0 0.502271 0.387093 1 0.463352 0.375298 1 0.000000 0.000000 0 0.423521 0.382833 1 0.497875 0.553546 1 0.417089 0.335139 1 0.000000 0.000000 0 0.440350 0.510592 1 0.389109 0.665398 1 0.491057 0.648870 1 0.328899 0.562147 1 0.498250 0.814389 1
0 0.259874 0.476599 0.185882 0.546236 0.338125 0.290750 1 0.000000 0.000000 0 0.000000 0.000000 0 0.000000 0.000000 0 0.000000 0.000000 0 0.000000 0.000000 0 0.312758 0.307047 1 0.000000 0.000000 0 0.273781 0.347194 1 0.000000 0.000000 0 0.235630 0.385065 1 0.000000 0.000000 0 0.257828 0.425889 1 0.000000 0.000000 0 0.258677 0.609537 1 0.232359 0.716056 1 0.211047 0.491713 1
0 0.073712 0.601925 0.144084 0.621744 0.136911 0.365074 1 0.000000 0.000000 0 0.000000 0.000000 0 0.000000 0.000000 0 0.000000 0.000000 0 0.000000 0.000000 0 0.098635 0.403389 1 0.032865 0.465407 1 0.066661 0.480907 1 0.081922 0.525481 1 0.053531 0.587417 1 0.000000 0.000000 0 0.036425 0.532348 1 0.085193 0.708306 1 0.040117 0.730052 1 0.066897 0.870623 1 0.000000 0.000000 0
0 0.033257 0.160029 0.057092 0.317109 0.018092 0.029703 1 0.000000 0.000000 0 0.000000 0.000000 0 0.000000 0.000000 0 0.000000 0.000000 0 0.000000 0.000000 0 0.000000 0.000000 0 0.000000 0.000000 0 0.000000 0.000000 0 0.036631 0.090727 1 0.000000 0.000000 0 0.000000 0.000000 0 0.000000 0.000000 0 0.000000 0.000000 0 0.000000 0.000000 0 0.000000 0.000000 0 0.000000 0.000000 0
0 0.054667 0.200590 0.101695 0.292035 0.000000 0.000000 0 0.000000 0.000000 0 0.000000 0.000000 0 0.000000 0.000000 0 0.000000 0.000000 0 0.086750 0.136619 1 0.000000 0.000000 0 0.077477 0.184263 1 0.016627 0.161984 1 0.063011 0.149670 1 0.034360 0.127556 1 0.063568 0.258035 1 0.033625 0.253151 1 0.000000 0.000000 0 0.000000 0.000000 0 0.000000 0.000000 0 0.000000 0.000000 0
0 0.154131 0.200590 0.102587 0.353982 0.000000 0.000000 0 0.000000 0.000000 0 0.000000 0.000000 0 0.000000 0.000000 0 0.000000 0.000000 0 0.182698 0.089213 1 0.000000 0.000000 0 0.186793 0.154399 1 0.116451 0.162898 1 0.161891 0.105000 1 0.132323 0.108861 1 0.172955 0.231835 1 0.146501 0.230308 1 0.160197 0.359008 1 0.000000 0.000000 0 0.000000 0.000000 0 0.000000 0.000000 0
0 0.218806 0.239676 0.110616 0.281711 0.000000 0.000000 0 0.000000 0.000000 0 0.000000 0.000000 0 0.000000 0.000000 0 0.000000 0.000000 0 0.255634 0.182934 1 0.209609 0.169167 1 0.261958 0.233824 1 0.204422 0.212269 1 0.254640 0.188418 1 0.219193 0.174954 1 0.236673 0.282993 1 0.211873 0.281585 1 0.000000 0.000000 0 0.177691 0.342160 1 0.245720 0.357991 1 0.000000 0.000000 0
0 0.338788 0.235251 0.099019 0.314159 0.000000 0.000000 0 0.000000 0.000000 0 0.000000 0.000000 0 0.000000 0.000000 0 0.000000 0.000000 0 0.000000 0.000000 0 0.000000 0.000000 0 0.000000 0.000000 0 0.315943 0.210611 1 0.357374 0.165327 1 0.323944 0.155610 1 0.350406 0.293617 1 0.000000 0.000000 0 0.320961 0.369315 1 0.000000 0.000000 0 0.000000 0.000000 0 0.000000 0.000000 0
0 0.387851 0.252212 0.100803 0.297935 0.000000 0.000000 0 0.000000 0.000000 0 0.000000 0.000000 0 0.000000 0.000000 0 0.000000 0.000000 0 0.416145 0.166389 1 0.000000 0.000000 0 0.411277 0.246407 1 0.368395 0.241529 1 0.403903 0.181186 1 0.373318 0.180692 1 0.403597 0.289448 1 0.379249 0.282908 1 0.394683 0.380743 1 0.349054 0.308778 1 0.000000 0.000000 0 0.000000 0.000000 0
0 0.447173 0.220501 0.094558 0.349558 0.437393 0.095167 1 0.000000 0.000000 0 0.000000 0.000000 0 0.000000 0.000000 0 0.000000 0.000000 0 0.000000 0.000000 0 0.000000 0.000000 0 0.000000 0.000000 0 0.000000 0.000000 0 0.412955 0.133333 1 0.000000 0.000000 0 0.000000 0.000000 0 0.000000 0.000000 0 0.000000 0.000000 0 0.000000 0.000000 0 0.000000 0.000000 0 0.000000 0.000000 0
0 0.474381 0.236726 0.132917 0.331858 0.000000 0.000000 0 0.000000 0.000000 0 0.000000 0.000000 0 0.000000 0.000000 0 0.000000 0.000000 0 0.490112 0.154039 1 0.448413 0.151939 1 0.492071 0.215381 1 0.420304 0.207278 1 0.472250 0.179256 1 0.437361 0.150400 1 0.000000 0.000000 0 0.445626 0.319000 1 0.000000 0.000000 0 0.000000 0.000000 0 0.000000 0.000000 0 0.000000 0.000000 0
0 0.577414 0.247050 0.130241 0.314159 0.000000 0.000000 0 0.000000 0.000000 0 0.000000 0.000000 0 0.000000 0.000000 0 0.000000 0.000000 0 0.574094 0.177306 1 0.000000 0.000000 0 0.560068 0.241509 1 0.519313 0.223259 1 0.535698 0.197870 1 0.000000 0.000000 0 0.557798 0.304310 1 0.528005 0.303509 1 0.000000 0.000000 0 0.000000 0.000000 0 0.000000 0.000000 0 0.604913 0.395569 1
