0 0.399571 0.560023 0.307252 0.535674 0.510307 0.344370 1 0.000000 0.000000 0 0.000000 0.000000 0 0.000000 0.000000 0 0.000000 0.000000 0 0.501401 0.381639 1 0.457651 0.374011 1 0.487551 0.454445 1 0.416781 0.390093 1 0.522073 0.507806 1 0.398562 0.365472 1 0.000000 0.000000 0 0.439368 0.501242 1 0.377068 0.652648 1 0.499245 0.628194 1 0.299830 0.592723 1 0.506542 0.791917 1
0 0.253101 0.485844 0.199427 0.534541 0.338656 0.292157 1 0.000000 0.000000 0 0.000000 0.000000 0 0.000000 0.000000 0 0.000000 0.000000 0 0.000000 0.000000 0 0.314776 0.303141 1 0.248903 0.382203 1 0.289047 0.361722 1 0.000000 0.000000 0 0.259609 0.415694 1 0.000000 0.000000 0 0.262459 0.423724 1 0.000000 0.000000 0 0.231167 0.604333 1 0.277052 0.721870 1 0.197552 0.473167 1
0 0.081729 0.589112 0.156675 0.620191 0.134245 0.360935 1 0.000000 0.000000 0 0.000000 0.000000 0 0.000000 0.000000 0 0.000000 0.000000 0 0.066930 0.362835 1 0.099000 0.393704 1 0.018698 0.418898 1 0.077016 0.468315 1 0.000000 0.000000 0 0.098224 0.571907 1 0.057982 0.553222 1 0.032372 0.527840 1 0.104271 0.689241 1 0.007983 0.731326 1 0.108083 0.863343 1 0.000000 0.000000 0
0 0.067601 0.158923 0.082962 0.317847 0.068148 0.035864 1 0.000000 0.000000 0 0.000000 0.000000 0 0.000000 0.000000 0 0.000000 0.000000 0 0.000000 0.000000 0 0.000000 0.000000 0 0.000000 0.000000 0 0.038302 0.123917 1 0.081716 0.084835 1 0.046016 0.075185 1 0.000000 0.000000 0 0.049829 0.160470 1 0.000000 0.000000 0 0.038955 0.213162 1 0.000000 0.000000 0 0.000000 0.000000 0
0 0.088565 0.201696 0.124888 0.298673 0.000000 0.000000 0 0.000000 0.000000 0 0.000000 0.000000 0 0.000000 0.000000 0 0.000000 0.000000 0 0.133363 0.137592 1 0.000000 0.000000 0 0.125293 0.182392 1 0.065064 0.160696 1 0.111619 0.150670 1 0.082517 0.127509 1 0.112458 0.253901 1 0.083957 0.254585 1 0.000000 0.000000 0 0.044711 0.342463 1 0.000000 0.000000 0 0.000000 0.000000 0
0 0.202749 0.198378 0.101695 0.345133 0.000000 0.000000 0 0.000000 0.000000 0 0.000000 0.000000 0 0.000000 0.000000 0 0.000000 0.000000 0 0.230745 0.086694 1 0.000000 0.000000 0 0.234226 0.154056 1 0.163837 0.161750 1 0.210562 0.104787 1 0.180745 0.110417 1 0.224083 0.231730 1 0.195858 0.233077 1 0.208714 0.359268 1 0.187068 0.350352 1 0.000000 0.000000 0 0.000000 0.000000 0
0 0.265862 0.241150 0.111062 0.284661 0.000000 0.000000 0 0.000000 0.000000 0 0.000000 0.000000 0 0.000000 0.000000 0 0.000000 0.000000 0 0.301510 0.184211 1 0.258120 0.168667 1 0.000000 0.000000 0 0.251693 0.210787 1 0.303319 0.190330 1 0.266271 0.175786 1 0.000000 0.000000 0 0.259742 0.281082 1 0.000000 0.000000 0 0.224275 0.339654 1 0.000000 0.000000 0 0.000000 0.000000 0
0 0.387182 0.231932 0.096789 0.316372 0.000000 0.000000 0 0.000000 0.000000 0 0.000000 0.000000 0 0.000000 0.000000 0 0.000000 0.000000 0 0.000000 0.000000 0 0.000000 0.000000 0 0.000000 0.000000 0 0.364234 0.212454 1 0.404223 0.163234 1 0.371783 0.153629 1 0.403174 0.285567 1 0.381396 0.285704 1 0.367160 0.369357 1 0.352615 0.364686 1 0.000000 0.000000 0 0.000000 0.000000 0
0 0.434907 0.249263 0.100357 0.293510 0.000000 0.000000 0 0.000000 0.000000 0 0.000000 0.000000 0 0.000000 0.000000 0 0.000000 0.000000 0 0.465403 0.166849 1 0.000000 0.000000 0 0.458073 0.240824 1 0.415526 0.242033 1 0.450272 0.182624 1 0.421582 0.178045 1 0.460438 0.286400 1 0.430470 0.285566 1 0.000000 0.000000 0 0.399196 0.311957 1 0.000000 0.000000 0 0.000000 0.000000 0
0 0.494676 0.224926 0.092328 0.351032 0.485945 0.097037 1 0.000000 0.000000 0 0.000000 0.000000 0 0.000000 0.000000 0 0.000000 0.000000 0 0.000000 0.000000 0 0.000000 0.000000 0 0.000000 0.000000 0 0.000000 0.000000 0 0.461590 0.133333 1 0.000000 0.000000 0 0.000000 0.000000 0 0.000000 0.000000 0 0.000000 0.000000 0 0.000000 0.000000 0 0.000000 0.000000 0 0.000000 0.000000 0
0 0.522106 0.238201 0.133809 0.336283 0.000000 0.000000 0 0.000000 0.000000 0 0.000000 0.000000 0 0.000000 0.000000 0 0.000000 0.000000 0 0.538278 0.153760 1 0.496336 0.153041 1 0.538925 0.215039 1 0.469000 0.202565 1 0.520035 0.174137 1 0.486180 0.147241 1 0.520498 0.330514 1 0.000000 0.000000 0 0.507804 0.391173 1 0.000000 0.000000 0 0.559418 0.379430 1 0.000000 0.000000 0
0 0.624916 0.248525 0.133363 0.318584 0.000000 0.000000 0 0.000000 0.000000 0 0.000000 0.000000 0 0.000000 0.000000 0 0.000000 0.000000 0 0.623021 0.176676 1 0.000000 0.000000 0 0.607693 0.242176 1 0.567974 0.222787 1 0.582562 0.194722 1 0.000000 0.000000 0 0.607048 0.306855 1 0.580633 0.304692 1 0.000000 0.000000 0 0.000000 0.000000 0 0.000000 0.000000 0 0.653045 0.396939 1
