0 0.047700 0.673773 0.089229 0.495282 0.050041 0.490853 2 0.057475 0.481275 2 0.041053 0.481459 2 0.067979 0.488465 2 0.029608 0.488718 2 0.077790 0.550696 2 0.018132 0.552593 2 0.083327 0.637429 2 0.013392 0.643826 2 0.064907 0.684173 2 0.038651 0.685320 2 0.067598 0.683709 2 0.031448 0.686743 2 0.073790 0.735644 2 0.048692 0.743295 2 0.071728 0.862657 2 0.046103 0.872000 2
0 0.206390 0.813995 0.130611 0.362270 0.217745 0.711260 2 0.226493 0.696483 2 0.208671 0.694487 2 0.238093 0.702900 2 0.196392 0.698555 2 0.246703 0.756383 2 0.182385 0.755795 2 0.251630 0.840393 2 0.154936 0.838037 2 0.221506 0.896341 2 0.176450 0.881420 2 0.231468 0.893428 2 0.190139 0.895454 2 0.256311 0.885093 2 0.154422 0.895959 2 0.195970 0.956470 2 0.219046 0.951129 2
0 0.351437 0.808320 0.143682 0.345129 0.355497 0.723640 2 0.363841 0.708444 2 0.346288 0.708992 2 0.375407 0.703750 2 0.333507 0.705888 2 0.384079 0.748987 2 0.319692 0.757488 2 0.407106 0.826209 2 0.292591 0.853838 2 0.412605 0.904670 2 0.300923 0.927799 2 0.370189 0.893506 2 0.329916 0.898780 2 0.404327 0.850463 2 0.302762 0.860252 2 0.338897 0.947990 2 0.353446 0.944247 2
0 0.844633 0.804278 0.141218 0.324118 0.833350 0.727277 2 0.842116 0.712174 2 0.825029 0.710884 2 0.854865 0.712157 2 0.812325 0.710154 2 0.864045 0.748714 2 0.801874 0.745701 2 0.875920 0.832235 2 0.806204 0.825721 2 0.828548 0.836618 2 0.852119 0.830933 2 0.851971 0.889755 2 0.809790 0.888628 2 0.902575 0.837816 2 0.792175 0.830742 2 0.833387 0.927700 2 0.845420 0.935191 2
0 0.939346 0.593500 0.096734 0.617189 0.929578 0.364962 2 0.938232 0.352438 2 0.922033 0.353727 2 0.952586 0.354860 2 0.911658 0.356839 2 0.970225 0.422536 2 0.900939 0.421832 2 0.977866 0.519693 2 0.000000 0.000000 0 0.953318 0.592475 2 0.000000 0.000000 0 0.955950 0.596879 2 0.910523 0.595145 2 0.952783 0.722567 2 0.912110 0.717138 2 0.951463 0.853362 2 0.915932 0.842916 2
0 0.120013 0.669791 0.078239 0.498320 0.114688 0.496797 2 0.122455 0.482799 2 0.107365 0.482247 2 0.134985 0.485648 2 0.096926 0.484626 2 0.144172 0.540968 2 0.089537 0.538662 2 0.145985 0.622187 2 0.081731 0.616420 0 0.135384 0.674211 2 0.095377 0.651710 0 0.132227 0.667544 2 0.097855 0.667784 2 0.132231 0.734786 2 0.104413 0.737798 2 0.136192 0.866394 2 0.100836 0.862932 2
0 0.474346 0.577694 0.089031 0.339591 0.477482 0.488480 2 0.484694 0.474298 2 0.468716 0.475219 2 0.496121 0.475882 2 0.456438 0.476886 2 0.506922 0.534342 2 0.446435 0.535207 2 0.506467 0.631493 2 0.447426 0.635127 2 0.490792 0.688549 2 0.460027 0.690254 2 0.495757 0.654428 2 0.454862 0.653936 2 0.504763 0.726212 2 0.446437 0.721948 2 0.000000 0.000000 0 0.000000 0.000000 0
0 0.273923 0.256235 0.097585 0.312589 0.280324 0.174627 2 0.287536 0.162655 2 0.273778 0.160997 2 0.297530 0.166300 2 0.261262 0.160648 2 0.305037 0.231765 2 0.245562 0.228819 2 0.315220 0.294172 2 0.232168 0.298154 2 0.303233 0.327767 2 0.000000 0.000000 0 0.294249 0.368035 2 0.255882 0.367679 2 0.000000 0.000000 0 0.000000 0.000000 0 0.000000 0.000000 0 0.000000 0.000000 0
0 0.905158 0.673431 0.092240 0.471767 0.902028 0.496263 2 0.909462 0.484844 2 0.894039 0.484844 2 0.921973 0.494251 2 0.883092 0.492432 2 0.932746 0.556643 2 0.872013 0.555472 2 0.940456 0.639807 2 0.865729 0.644894 2 0.928059 0.688489 2 0.889289 0.686097 2 0.921722 0.690782 2 0.883988 0.690034 2 0.930562 0.744491 2 0.883494 0.734130 2 0.907560 0.856722 2 0.905993 0.849897 2
0 0.470994 0.796280 0.129333 0.332233 0.477139 0.709793 2 0.486349 0.694690 2 0.468595 0.695427 2 0.497409 0.696288 2 0.456472 0.696876 2 0.509007 0.737550 2 0.442125 0.732660 2 0.525861 0.816725 2 0.412249 0.799953 2 0.471065 0.833861 2 0.439272 0.821392 2 0.488955 0.879146 2 0.449725 0.874937 2 0.498123 0.782172 2 0.427535 0.778511 2 0.443521 0.906571 2 0.484792 0.897165 2
0 0.245834 0.402514 0.095179 0.269932 0.241571 0.336656 2 0.249893 0.323947 2 0.235247 0.324500 2 0.262360 0.326250 2 0.227018 0.327432 2 0.278132 0.393634 2 0.214657 0.388928 2 0.287149 0.475499 2 0.207104 0.466772 2 0.277809 0.528791 0 0.213105 0.513910 0 0.264422 0.527587 0 0.223375 0.524302 2 0.000000 0.000000 0 0.000000 0.000000 0 0.000000 0.000000 0 0.000000 0.000000 0
0 0.827818 0.577595 0.080822 0.310422 0.828738 0.497990 2 0.836416 0.485557 2 0.820660 0.486110 2 0.846701 0.487775 2 0.808450 0.490336 2 0.857316 0.541416 2 0.797529 0.543522 2 0.851474 0.631669 2 0.801060 0.632121 2 0.834228 0.681564 2 0.820441 0.683721 2 0.847380 0.671093 2 0.808557 0.673162 2 0.000000 0.000000 0 0.000000 0.000000 0 0.000000 0.000000 0 0.000000 0.000000 0
0 0.404078 0.586896 0.091344 0.409488 0.411557 0.454388 2 0.419374 0.442310 2 0.403036 0.442508 2 0.429296 0.445790 2 0.391753 0.444905 2 0.438570 0.505769 2 0.374242 0.504065 2 0.436534 0.605053 2 0.370459 0.603230 2 0.419173 0.663269 2 0.388733 0.668587 2 0.424072 0.664493 2 0.382927 0.664787 2 0.422858 0.721967 2 0.380436 0.724124 2 0.000000 0.000000 0 0.000000 0.000000 0
0 0.717619 0.791686 0.129805 0.330490 0.705561 0.709585 2 0.714330 0.695915 2 0.696811 0.696531 2 0.726963 0.695752 2 0.685753 0.696840 2 0.737067 0.732869 2 0.677706 0.738580 2 0.754418 0.820371 2 0.672844 0.822264 2 0.729016 0.877597 2 0.706077 0.876971 2 0.732682 0.863079 2 0.693715 0.865324 2 0.772078 0.854700 2 0.665938 0.859621 2 0.703972 0.928529 2 0.727214 0.921263 2
0 0.754892 0.637690 0.082314 0.415830 0.748642 0.509902 2 0.757740 0.496272 2 0.742432 0.494700 2 0.768234 0.495421 2 0.732262 0.495092 2 0.779970 0.548285 2 0.724038 0.544537 2 0.786138 0.631071 2 0.720862 0.625196 2 0.764566 0.670867 2 0.741012 0.664887 2 0.770756 0.668894 2 0.735061 0.665983 2 0.762218 0.723077 2 0.733824 0.713539 2 0.764443 0.836070 2 0.735997 0.826991 0
0 0.686566 0.396326 0.090599 0.256836 0.679346 0.341870 2 0.687340 0.327569 2 0.671136 0.330819 2 0.699555 0.328092 2 0.662046 0.332113 2 0.716198 0.393256 2 0.651075 0.395690 2 0.722207 0.481788 2 0.647613 0.484583 2 0.000000 0.000000 0 0.000000 0.000000 0 0.705620 0.522547 2 0.662947 0.523587 2 0.000000 0.000000 0 0.000000 0.000000 0 0.000000 0.000000 0 0.000000 0.000000 0
0 0.682555 0.616413 0.084199 0.390502 0.684975 0.491357 2 0.693564 0.479269 2 0.678340 0.478273 2 0.704598 0.480548 2 0.667972 0.477892 2 0.711862 0.529577 2 0.660274 0.523939 2 0.704054 0.614319 2 0.658210 0.600438 2 0.680897 0.665458 2 0.665698 0.661219 2 0.699385 0.650946 2 0.663407 0.648990 2 0.709478 0.726344 0 0.653303 0.743758 2 0.000000 0.000000 0 0.000000 0.000000 0
0 0.259908 0.656902 0.076844 0.482139 0.258615 0.497602 2 0.266280 0.482684 2 0.251847 0.482130 2 0.277073 0.480530 2 0.240956 0.481486 2 0.286829 0.532877 2 0.234826 0.536357 2 0.289779 0.616276 2 0.239254 0.622202 2 0.273852 0.666546 2 0.257378 0.670396 2 0.280655 0.661098 2 0.247543 0.662886 2 0.283153 0.734346 2 0.244746 0.735901 2 0.279406 0.858747 2 0.251801 0.856034 0
0 0.544780 0.596479 0.090410 0.374369 0.538955 0.492581 2 0.546062 0.474862 2 0.531632 0.479136 2 0.559735 0.468710 2 0.522293 0.476184 2 0.575409 0.530150 2 0.517420 0.531450 2 0.565471 0.616487 2 0.517995 0.614633 2 0.551390 0.679658 2 0.536287 0.677484 2 0.560898 0.659053 2 0.523489 0.657019 2 0.553881 0.735223 2 0.521364 0.726957 2 0.000000 0.000000 0 0.000000 0.000000 0
0 0.831135 0.249668 0.091230 0.299713 0.825015 0.179750 2 0.832117 0.162805 2 0.817581 0.164278 2 0.844653 0.158709 2 0.806688 0.161612 2 0.859335 0.223137 2 0.794830 0.227593 2 0.000000 0.000000 0 0.790677 0.308619 2 0.000000 0.000000 0 0.000000 0.000000 0 0.846169 0.368492 2 0.804283 0.369477 2 0.000000 0.000000 0 0.000000 0.000000 0 0.000000 0.000000 0 0.000000 0.000000 0
0 0.139010 0.403021 0.096138 0.277383 0.135944 0.332017 2 0.144932 0.322439 2 0.129398 0.321334 2 0.155741 0.332376 2 0.119202 0.330979 2 0.172424 0.399650 2 0.106391 0.396822 2 0.180989 0.480674 2 0.097360 0.473135 2 0.163828 0.481374 2 0.137181 0.473050 2 0.162863 0.539924 2 0.119386 0.539078 2 0.000000 0.000000 0 0.000000 0.000000 0 0.000000 0.000000 0 0.000000 0.000000 0
0 0.173182 0.280293 0.106320 0.344882 0.170751 0.182878 2 0.177630 0.169064 2 0.163619 0.169286 2 0.188262 0.166892 2 0.151033 0.167782 2 0.202974 0.224261 2 0.138039 0.228183 2 0.218583 0.298356 2 0.000000 0.000000 0 0.212041 0.355180 2 0.000000 0.000000 0 0.197690 0.367587 2 0.156239 0.370287 2 0.198503 0.475605 0 0.000000 0.000000 0 0.000000 0.000000 0 0.000000 0.000000 0
0 0.372569 0.239575 0.092577 0.305520 0.383085 0.169308 2 0.392267 0.156091 2 0.375983 0.152731 2 0.401680 0.157164 2 0.362323 0.150202 2 0.408960 0.229579 2 0.344849 0.219270 2 0.410166 0.309599 0 0.334800 0.300181 0 0.000000 0.000000 0 0.000000 0.000000 0 0.394683 0.361425 2 0.352990 0.357096 2 0.000000 0.000000 0 0.000000 0.000000 0 0.000000 0.000000 0 0.000000 0.000000 0
0 0.570061 0.230440 0.102051 0.325863 0.574891 0.154588 2 0.582436 0.138564 2 0.568456 0.139117 2 0.594487 0.131898 2 0.555716 0.129604 2 0.607058 0.191899 2 0.537042 0.188679 2 0.611278 0.278031 2 0.526402 0.273992 2 0.000000 0.000000 0 0.000000 0.000000 0 0.592064 0.344408 2 0.547364 0.343368 2 0.000000 0.000000 0 0.000000 0.000000 0 0.000000 0.000000 0 0.000000 0.000000 0
0 0.862403 0.391790 0.092746 0.260651 0.855922 0.339950 2 0.863378 0.324202 2 0.849176 0.326596 2 0.878112 0.327970 2 0.838172 0.331175 2 0.897901 0.399331 2 0.824749 0.401359 2 0.000000 0.000000 0 0.000000 0.000000 0 0.000000 0.000000 0 0.000000 0.000000 0 0.884272 0.547734 0 0.837027 0.547326 0 0.000000 0.000000 0 0.000000 0.000000 0 0.000000 0.000000 0 0.000000 0.000000 0
0 0.195409 0.609942 0.085563 0.328521 0.191085 0.519701 2 0.198985 0.506163 2 0.183119 0.505426 2 0.208551 0.505070 2 0.170777 0.505037 2 0.217210 0.552654 2 0.159575 0.556390 2 0.225200 0.624825 2 0.161369 0.633238 2 0.212931 0.669111 2 0.183107 0.672752 2 0.211952 0.663908 2 0.173297 0.667735 2 0.226272 0.723797 0 0.187397 0.732349 2 0.000000 0.000000 0 0.000000 0.000000 0
0 0.599612 0.387233 0.087570 0.264979 0.601624 0.336525 2 0.607616 0.324553 2 0.593191 0.324737 2 0.619671 0.328487 2 0.583034 0.329606 2 0.635026 0.397725 2 0.565408 0.395961 2 0.000000 0.000000 0 0.000000 0.000000 0 0.000000 0.000000 0 0.000000 0.000000 0 0.621309 0.538839 0 0.000000 0.000000 0 0.000000 0.000000 0 0.000000 0.000000 0 0.000000 0.000000 0 0.000000 0.000000 0
0 0.331787 0.394892 0.086037 0.251579 0.334047 0.350128 2 0.342147 0.335208 2 0.329054 0.333182 2 0.355688 0.337900 2 0.319259 0.332942 2 0.364695 0.394681 2 0.306521 0.391226 2 0.365910 0.475569 2 0.298278 0.487102 2 0.350886 0.525721 0 0.311018 0.527753 0 0.351095 0.516227 2 0.312954 0.514948 2 0.000000 0.000000 0 0.000000 0.000000 0 0.000000 0.000000 0 0.000000 0.000000 0
0 0.505148 0.369146 0.106284 0.300354 0.510981 0.299763 2 0.519192 0.284659 2 0.502770 0.281712 2 0.528475 0.286178 2 0.490815 0.280724 2 0.541361 0.356328 2 0.471471 0.354660 2 0.550539 0.443798 2 0.462960 0.446627 2 0.000000 0.000000 0 0.485267 0.484393 0 0.529980 0.506665 2 0.484557 0.507179 2 0.000000 0.000000 0 0.000000 0.000000 0 0.000000 0.000000 0 0.000000 0.000000 0
0 0.464941 0.223837 0.100565 0.306730 0.468498 0.143546 2 0.476711 0.131790 2 0.461521 0.130670 2 0.488517 0.134456 2 0.451856 0.131555 2 0.502790 0.205475 2 0.435824 0.199176 2 0.505964 0.294160 0 0.422485 0.283201 2 0.000000 0.000000 0 0.430391 0.346367 0 0.486393 0.361134 2 0.442861 0.357015 2 0.000000 0.000000 0 0.000000 0.000000 0 0.000000 0.000000 0 0.000000 0.000000 0
0 0.414020 0.387120 0.085464 0.241499 0.416229 0.338925 2 0.424218 0.325847 2 0.408573 0.325663 2 0.436238 0.324029 2 0.398364 0.324790 2 0.449344 0.383881 2 0.386135 0.386072 2 0.449088 0.463398 2 0.380515 0.470557 2 0.000000 0.000000 0 0.000000 0.000000 0 0.440129 0.512266 2 0.398500 0.512559 2 0.000000 0.000000 0 0.000000 0.000000 0 0.000000 0.000000 0 0.000000 0.000000 0
0 0.613529 0.574306 0.076850 0.354417 0.614962 0.469482 2 0.622174 0.455299 2 0.607528 0.456957 2 0.635863 0.456800 2 0.597054 0.460916 2 0.645842 0.524430 2 0.588818 0.522030 2 0.643460 0.617602 2 0.583519 0.608440 2 0.613253 0.665104 2 0.596893 0.659055 2 0.629301 0.657073 2 0.591379 0.653644 2 0.623197 0.741529 0 0.578233 0.733754 0 0.000000 0.000000 0 0.000000 0.000000 0
0 0.772307 0.401789 0.093326 0.266203 0.774385 0.348262 2 0.782263 0.333527 2 0.766285 0.334264 2 0.793847 0.338828 2 0.756733 0.338029 2 0.807349 0.402297 2 0.744049 0.398823 2 0.811256 0.479793 2 0.735247 0.477621 2 0.000000 0.000000 0 0.761667 0.504626 0 0.796669 0.531652 2 0.754778 0.529511 2 0.000000 0.000000 0 0.000000 0.000000 0 0.000000 0.000000 0 0.000000 0.000000 0
0 0.326930 0.600002 0.074390 0.384689 0.330643 0.487669 2 0.338521 0.474408 2 0.323542 0.474039 2 0.350088 0.475332 2 0.313488 0.477580 2 0.363122 0.527362 2 0.302771 0.535199 2 0.000000 0.000000 0 0.299211 0.637295 2 0.000000 0.000000 0 0.321502 0.671785 2 0.357026 0.662510 2 0.317152 0.666429 2 0.000000 0.000000 0 0.305300 0.745368 0 0.000000 0.000000 0 0.000000 0.000000 0
0 0.584053 0.798756 0.154791 0.314850 0.590259 0.728740 2 0.599046 0.713068 2 0.582081 0.712451 2 0.612608 0.710363 2 0.571803 0.708559 2 0.627588 0.747902 2 0.559962 0.745903 2 0.649498 0.828273 2 0.536590 0.820015 2 0.612209 0.855248 2 0.560905 0.838351 2 0.612874 0.878355 2 0.568469 0.874369 2 0.644310 0.874490 2 0.525331 0.874490 2 0.569068 0.928020 2 0.602797 0.921867 2
0 0.048632 0.433679 0.095266 0.269752 0.067004 0.388955 2 0.074242 0.373856 2 0.059339 0.372598 2 0.080652 0.367405 2 0.044922 0.362916 2 0.088130 0.424193 2 0.025459 0.422157 2 0.089642 0.501615 2 0.007303 0.506994 2 0.051741 0.518381 0 0.020236 0.551606 0 0.073610 0.558989 0 0.032467 0.558989 0 0.000000 0.000000 0 0.000000 0.000000 0 0.000000 0.000000 0 0.000000 0.000000 0
0 0.665148 0.244357 0.094694 0.313970 0.659453 0.164879 2 0.667263 0.148015 2 0.653239 0.154564 2 0.681868 0.144599 2 0.644806 0.154933 2 0.700378 0.210760 2 0.631954 0.208561 2 0.704730 0.297313 2 0.621450 0.284070 2 0.000000 0.000000 0 0.634172 0.323608 2 0.681969 0.365169 0 0.636645 0.361655 2 0.000000 0.000000 0 0.000000 0.000000 0 0.000000 0.000000 0 0.000000 0.000000 0
0 0.743791 0.248803 0.087883 0.318917 0.736363 0.149427 2 0.743686 0.140401 2 0.729595 0.141691 2 0.756005 0.146387 2 0.719779 0.149155 2 0.774574 0.216477 2 0.709052 0.218435 2 0.780583 0.302101 0 0.000000 0.000000 0 0.000000 0.000000 0 0.000000 0.000000 0 0.760832 0.377679 2 0.718037 0.376672 2 0.000000 0.000000 0 0.000000 0.000000 0 0.000000 0.000000 0 0.000000 0.000000 0