0 0.853624 0.512616 0.271551 0.476748 0.798351 0.341209 2 0.810478 0.329727 2 0.792067 0.327661 2 0.825912 0.331564 2 0.780933 0.326168 2 0.835441 0.393173 2 0.751958 0.370141 2 0.889357 0.445445 2 0.723470 0.430264 2 0.944903 0.487651 2 0.781606 0.478597 2 0.807862 0.512468 2 0.754331 0.500366 0 0.803887 0.618826 2 0.747734 0.619602 0 0.792706 0.712244 2 0.826000 0.677309 2
0 0.125080 0.511262 0.221967 0.571424 0.131775 0.391399 2 0.138961 0.376431 2 0.120539 0.379560 2 0.156337 0.376022 2 0.109956 0.382826 2 0.166543 0.449349 2 0.107887 0.413926 2 0.108488 0.509463 2 0.077731 0.347036 2 0.071832 0.454402 2 0.050426 0.264266 2 0.146708 0.564226 2 0.102075 0.571335 2 0.127390 0.681368 2 0.112061 0.672227 2 0.138191 0.751325 2 0.209410 0.712304 2
0 0.758145 0.361004 0.243470 0.410036 0.725676 0.222860 2 0.733248 0.217643 2 0.717754 0.217643 2 0.743267 0.225408 2 0.707968 0.226136 2 0.759964 0.264033 2 0.693012 0.276817 2 0.798126 0.219173 2 0.680515 0.336089 2 0.837405 0.167107 2 0.714646 0.325256 2 0.748349 0.381584 0 0.702277 0.383889 2 0.750257 0.451214 0 0.651665 0.450032 2 0.750166 0.533842 0 0.655622 0.525261 2
0 0.603517 0.336713 0.160900 0.341166 0.610453 0.198037 2 0.617709 0.190588 2 0.602782 0.191560 2 0.625807 0.192065 2 0.594490 0.194475 2 0.638433 0.232822 2 0.581283 0.221664 2 0.680552 0.261161 2 0.533229 0.199225 2 0.640242 0.261988 2 0.568887 0.219737 2 0.618597 0.324240 2 0.582060 0.317829 0 0.597747 0.411723 2 0.568954 0.397660 0 0.614427 0.482455 2 0.577691 0.467771 0
0 0.350775 0.612756 0.165482 0.510699 0.361075 0.435720 2 0.371222 0.421630 2 0.350662 0.422557 2 0.388488 0.419776 2 0.335799 0.421630 2 0.394811 0.485724 2 0.320144 0.457426 2 0.410599 0.532827 0 0.279333 0.478246 2 0.407488 0.467140 0 0.349851 0.499065 2 0.389017 0.623915 2 0.346010 0.639006 2 0.349985 0.746472 2 0.357957 0.745286 2 0.376748 0.823571 2 0.431983 0.779091 2
0 0.489464 0.701524 0.185836 0.551881 0.491206 0.521394 2 0.505496 0.507442 2 0.486295 0.504186 2 0.540549 0.504884 2 0.000000 0.000000 0 0.506165 0.589528 2 0.487188 0.531393 2 0.432487 0.630687 2 0.410606 0.537904 2 0.406811 0.565344 2 0.405471 0.461167 2 0.532076 0.725390 2 0.501593 0.707060 2 0.451851 0.837067 2 0.436236 0.796143 2 0.538032 0.923992 2 0.493122 0.904837 2
0 0.384713 0.338498 0.131766 0.306535 0.393761 0.233215 2 0.399962 0.226001 2 0.386028 0.225971 2 0.408426 0.228962 2 0.373280 0.229214 2 0.430251 0.272393 2 0.362171 0.279287 2 0.442543 0.330826 2 0.326555 0.316053 2 0.404721 0.358401 2 0.310648 0.330702 0 0.411340 0.384662 2 0.376295 0.384924 2 0.430942 0.468300 2 0.384444 0.456318 2 0.420875 0.523219 0 0.000000 0.000000 0
0 0.215356 0.339183 0.129845 0.339488 0.231084 0.206735 2 0.239305 0.199040 2 0.224633 0.200774 2 0.252104 0.198606 2 0.000000 0.000000 0 0.255450 0.253648 2 0.213751 0.223147 2 0.209008 0.271666 2 0.178099 0.228120 2 0.168542 0.245091 2 0.201018 0.249006 2 0.252585 0.319954 2 0.227301 0.332786 2 0.257360 0.403500 2 0.226802 0.412120 2 0.246537 0.476437 2 0.277732 0.468148 2
0 0.478877 0.251258 0.102456 0.417557 0.494797 0.143594 2 0.501855 0.136546 2 0.488288 0.137796 2 0.512283 0.141588 2 0.480186 0.142771 2 0.516199 0.189543 2 0.477402 0.165228 2 0.503736 0.235513 2 0.453849 0.121327 2 0.479585 0.203871 2 0.445870 0.064691 2 0.494984 0.274233 2 0.469822 0.266214 2 0.494899 0.351180 2 0.481985 0.349439 2 0.495786 0.431423 2 0.495426 0.421586 2
0 0.344766 0.185042 0.064730 0.285729 0.342651 0.143648 2 0.347393 0.136945 2 0.336960 0.136733 2 0.354507 0.137637 2 0.329372 0.138638 2 0.361098 0.161207 2 0.324646 0.170746 2 0.361582 0.108814 2 0.320447 0.124342 2 0.338949 0.085054 2 0.329069 0.086364 2 0.374336 0.245949 2 0.344009 0.246415 2 0.383488 0.280565 0 0.365523 0.317791 2 0.000000 0.000000 0 0.000000 0.000000 0
0 0.709780 0.235806 0.152170 0.318776 0.681459 0.158336 2 0.689034 0.152046 2 0.675266 0.151193 2 0.697134 0.155849 2 0.667486 0.156257 2 0.714736 0.175849 2 0.658859 0.197030 2 0.730264 0.146097 2 0.626948 0.232723 2 0.755236 0.105333 2 0.620040 0.246607 0 0.722995 0.268590 0 0.675055 0.277079 2 0.725122 0.343286 0 0.675327 0.357800 2 0.726333 0.417334 0 0.671979 0.425762 0
0 0.711910 0.644465 0.193207 0.495621 0.706122 0.465218 2 0.714612 0.450849 2 0.692325 0.450217 2 0.721004 0.448486 0 0.674739 0.456691 2 0.752513 0.480850 2 0.663369 0.534062 2 0.797481 0.563119 2 0.727043 0.607802 2 0.750576 0.624827 2 0.756758 0.526167 2 0.754686 0.642235 2 0.702991 0.649014 2 0.750964 0.756178 2 0.740620 0.757859 2 0.655780 0.809435 2 0.712312 0.848260 2
0 0.355614 0.449762 0.233867 0.404880 0.294580 0.293497 2 0.303696 0.283025 2 0.285330 0.285678 2 0.314689 0.284840 2 0.278225 0.288191 2 0.336733 0.330695 2 0.264119 0.335751 2 0.383526 0.336429 2 0.247966 0.405322 2 0.446083 0.337992 2 0.288786 0.429194 2 0.322971 0.444324 2 0.290764 0.451121 2 0.298578 0.541827 2 0.000000 0.000000 0 0.307114 0.619567 2 0.000000 0.000000 0
0 0.524995 0.445793 0.179376 0.413846 0.568970 0.301328 2 0.577458 0.289131 2 0.558979 0.292600 2 0.590566 0.289019 2 0.549416 0.293943 2 0.590109 0.348324 2 0.530855 0.310050 2 0.555639 0.359302 2 0.512623 0.332303 2 0.513763 0.369093 2 0.482996 0.350995 2 0.577859 0.458400 2 0.531710 0.451576 2 0.534843 0.553344 2 0.000000 0.000000 0 0.579284 0.610311 2 0.000000 0.000000 0