0 0.603901 0.325989 0.103756 0.299387 0.601137 0.231151 2 0.608108 0.219518 2 0.593863 0.221551 2 0.617910 0.227912 2 0.584771 0.229457 2 0.642919 0.293616 2 0.564997 0.298303 2 0.647143 0.356557 2 0.560930 0.362733 2 0.642673 0.381294 2 0.562910 0.403364 2 0.623216 0.459156 2 0.584596 0.456414 2 0.627469 0.489116 0 0.579314 0.496985 0 0.624456 0.551410 0 0.588058 0.551445 0
0 0.707992 0.335042 0.119851 0.312789 0.706076 0.240976 2 0.713729 0.229118 2 0.698499 0.229005 2 0.727204 0.235761 2 0.687188 0.236864 2 0.751970 0.308176 2 0.668136 0.312746 2 0.763880 0.373212 2 0.658742 0.384225 2 0.749358 0.411219 2 0.671700 0.411806 2 0.732640 0.470121 2 0.684825 0.471491 2 0.736990 0.527427 0 0.687523 0.519652 0 0.737337 0.565256 0 0.686450 0.565198 0
0 0.097554 0.327755 0.136438 0.264982 0.131828 0.251141 2 0.139632 0.240976 2 0.123965 0.237865 2 0.148043 0.250463 2 0.109855 0.245946 2 0.160359 0.332144 2 0.076941 0.319143 2 0.167388 0.397392 2 0.041674 0.398613 2 0.163800 0.448242 2 0.073743 0.452495 2 0.142667 0.463249 2 0.098426 0.466031 2 0.145398 0.527268 0 0.096288 0.523213 0 0.147175 0.527281 0 0.097637 0.522226 0
0 0.414528 0.300222 0.112332 0.192513 0.421339 0.255884 2 0.428158 0.243348 2 0.414823 0.243687 2 0.439662 0.250414 2 0.402312 0.251728 2 0.459424 0.324776 2 0.379477 0.319071 2 0.459019 0.410206 2 0.365427 0.404393 2 0.458437 0.431894 0 0.364466 0.416991 0 0.434451 0.448570 0 0.391554 0.444501 0 0.433006 0.445369 0 0.389481 0.441684 0 0.437224 0.445174 0 0.386128 0.441061 0
0 0.208828 0.339682 0.114519 0.251529 0.221765 0.268420 2 0.229115 0.259159 2 0.214567 0.258256 2 0.239802 0.266625 2 0.204155 0.265869 2 0.261162 0.340860 2 0.175184 0.334913 2 0.268666 0.406804 2 0.161424 0.411896 2 0.257828 0.456924 2 0.167603 0.449400 2 0.246235 0.454042 2 0.192752 0.455116 2 0.247588 0.524467 0 0.187159 0.529065 0 0.249049 0.523144 0 0.186039 0.522406 0
0 0.515308 0.339566 0.107085 0.247051 0.514004 0.277003 2 0.521883 0.263112 2 0.507715 0.263677 2 0.533173 0.267314 2 0.496733 0.269836 2 0.553059 0.336881 2 0.478333 0.337487 2 0.561321 0.414369 2 0.468243 0.410690 2 0.553774 0.457866 2 0.474187 0.444508 2 0.533103 0.478344 2 0.492644 0.475603 2 0.537049 0.525581 0 0.493405 0.521217 0 0.536272 0.520921 0 0.496447 0.520354 0
0 0.306093 0.342869 0.113332 0.235624 0.315491 0.277229 2 0.323219 0.266387 2 0.307156 0.265936 2 0.331787 0.275806 2 0.294240 0.276369 2 0.351531 0.345848 2 0.274145 0.343942 2 0.361449 0.413170 2 0.260813 0.430102 2 0.361292 0.450092 0 0.315304 0.460802 2 0.345012 0.467250 2 0.299570 0.466735 2 0.335801 0.520271 0 0.304329 0.516328 0 0.335270 0.516293 0 0.298956 0.515166 0
0 0.922715 0.523999 0.129490 0.592057 0.903907 0.285135 2 0.913606 0.272034 2 0.896330 0.273841 2 0.925198 0.280392 2 0.886329 0.282876 2 0.950329 0.347429 2 0.868543 0.351881 2 0.962844 0.420430 2 0.853079 0.428770 2 0.965805 0.445955 2 0.885588 0.446598 2 0.926660 0.503409 2 0.869400 0.496408 0 0.938818 0.638510 2 0.873384 0.632440 0 0.940365 0.770219 2 0.878720 0.754098 0
0 0.808017 0.353308 0.102293 0.208928 0.803287 0.301059 2 0.811227 0.287410 2 0.795746 0.287815 2 0.821892 0.292198 2 0.785221 0.295081 2 0.843089 0.354018 2 0.767463 0.354614 2 0.854032 0.418070 2 0.758690 0.407878 2 0.848612 0.448758 2 0.766405 0.433981 2 0.827415 0.462419 2 0.777722 0.460613 2 0.832437 0.510623 0 0.774461 0.510615 0 0.830063 0.510630 0 0.750004 0.510618 0
0 0.880577 0.589807 0.091235 0.469522 0.876553 0.416052 2 0.887627 0.406368 2 0.870056 0.401086 2 0.898110 0.413961 2 0.858244 0.404277 2 0.907615 0.496128 2 0.839305 0.478344 2 0.907592 0.590140 2 0.793880 0.542722 0 0.913036 0.688987 2 0.792014 0.610687 0 0.890798 0.642818 2 0.817780 0.623202 0 0.897235 0.812774 2 0.821834 0.722314 0 0.918384 0.781250 2 0.822749 0.817964 0
0 0.291633 0.476241 0.086887 0.234948 0.297392 0.420071 2 0.304641 0.406025 2 0.288966 0.406566 2 0.315151 0.412913 2 0.276372 0.414804 2 0.333644 0.478124 2 0.250991 0.475440 2 0.339199 0.536595 2 0.239556 0.541567 2 0.340446 0.486686 0 0.246866 0.593781 0 0.317480 0.587669 2 0.271125 0.590746 2 0.309917 0.653148 0 0.273490 0.649126 0 0.313794 0.647608 0 0.275113 0.646083 0
0 0.180026 0.473993 0.080903 0.222431 0.197001 0.424393 2 0.204884 0.408861 2 0.189028 0.410212 2 0.215394 0.413723 2 0.177793 0.416424 2 0.230579 0.494792 2 0.158429 0.486210 2 0.248103 0.540557 0 0.139382 0.556115 0 0.316449 0.475565 0 0.109623 0.599221 0 0.217111 0.593267 0 0.166812 0.590856 0 0.221027 0.641535 0 0.164209 0.636668 0 0.220352 0.641474 0 0.171078 0.636334 0
0 0.381900 0.477658 0.076901 0.227970 0.392257 0.422637 2 0.398871 0.409267 2 0.384917 0.409402 2 0.409681 0.416664 2 0.372686 0.419396 2 0.431885 0.481170 2 0.351419 0.480287 2 0.446742 0.539124 0 0.338636 0.542268 2 0.454480 0.478594 0 0.329149 0.485774 0 0.418054 0.590293 2 0.367850 0.589691 2 0.409187 0.649359 0 0.372381 0.649307 0 0.408807 0.649308 0 0.364595 0.645465 0
0 0.064886 0.604169 0.128434 0.480969 0.110115 0.427008 2 0.116776 0.414126 2 0.101652 0.412114 2 0.125689 0.418957 2 0.085460 0.415119 2 0.114719 0.498903 2 0.055035 0.469079 2 0.156596 0.550337 0 0.015359 0.546323 2 0.153763 0.594450 0 0.027071 0.592389 2 0.115638 0.675713 0 0.064145 0.644189 2 0.134029 0.719572 0 0.059547 0.823739 2 0.130364 0.817491 0 0.007134 0.810033 2
0 0.584745 0.462539 0.061308 0.195174 0.582033 0.423946 2 0.589974 0.412972 2 0.573678 0.413465 2 0.599551 0.418397 2 0.563473 0.418551 2 0.624800 0.486261 2 0.539421 0.479232 2 0.635945 0.550047 0 0.523041 0.535341 0 0.622339 0.567637 0 0.549979 0.460194 0 0.604872 0.595838 0 0.544593 0.580123 0 0.596257 0.609494 0 0.518634 0.605202 0 0.593419 0.603517 0 0.537406 0.603018 0
0 0.764512 0.462016 0.072328 0.181189 0.746567 0.439235 2 0.756519 0.424912 2 0.740942 0.423946 2 0.767827 0.427275 2 0.731964 0.427269 2 0.786544 0.487084 2 0.708936 0.472658 2 0.789086 0.555878 2 0.707103 0.535113 0 0.765594 0.598429 0 0.683228 0.435443 0 0.760339 0.590339 0 0.719639 0.574185 0 0.743694 0.598279 0 0.679690 0.593977 0 0.754807 0.598463 0 0.719747 0.598446 0
0 0.489612 0.467358 0.061308 0.185922 0.493107 0.428878 2 0.501379 0.417164 2 0.484503 0.417534 2 0.510644 0.426165 2 0.473750 0.426905 2 0.531585 0.484968 2 0.448907 0.486202 2 0.551914 0.546886 0 0.436537 0.547380 0 0.527494 0.581796 0 0.455042 0.473936 0 0.510674 0.601245 0 0.459488 0.597218 0 0.508576 0.607389 0 0.390929 0.576553 0 0.466558 0.451037 0 0.476781 0.453312 0
0 0.679127 0.481714 0.068023 0.179621 0.665251 0.443551 2 0.673574 0.432668 2 0.658303 0.433193 2 0.684195 0.438989 2 0.648659 0.439367 2 0.703505 0.501211 2 0.626543 0.492973 2 0.706360 0.567152 2 0.612186 0.548552 0 0.687348 0.605200 0 0.621584 0.598026 0 0.677497 0.606832 0 0.628729 0.600947 0 0.662532 0.616967 0 0.593575 0.613583 0 0.685251 0.611752 0 0.651280 0.390837 0
0 0.834712 0.646162 0.125975 0.428704 0.813432 0.503205 2 0.821036 0.484608 2 0.802949 0.488679 2 0.836687 0.482627 2 0.793278 0.492971 2 0.868844 0.551126 2 0.778157 0.557454 2 0.882523 0.657895 2 0.776129 0.643305 2 0.878297 0.730081 2 0.800752 0.722226 2 0.865971 0.712719 2 0.808961 0.712719 2 0.871252 0.842430 2 0.822999 0.839916 2 0.879764 0.788103 2 0.805283 0.790844 2
0 0.226961 0.658564 0.128788 0.419582 0.227989 0.549452 2 0.237321 0.532300 2 0.219109 0.532706 2 0.248284 0.531355 2 0.207059 0.532436 2 0.271853 0.596715 2 0.183486 0.599384 2 0.281644 0.688520 2 0.174444 0.691739 2 0.268133 0.760653 2 0.186886 0.757079 2 0.259632 0.736020 2 0.197139 0.735101 2 0.254363 0.848402 2 0.198113 0.852145 2 0.262762 0.816886 2 0.205752 0.811403 2
0 0.437703 0.656856 0.120453 0.411373 0.437104 0.513957 2 0.447527 0.498667 2 0.428831 0.497927 2 0.458529 0.505695 2 0.416919 0.504339 2 0.482331 0.569213 2 0.393234 0.572889 2 0.488966 0.659265 2 0.385979 0.671601 2 0.473334 0.736020 2 0.401611 0.736020 2 0.469459 0.702099 2 0.411830 0.706586 2 0.457586 0.843553 2 0.417314 0.843338 2 0.461920 0.810941 2 0.418926 0.803763 2
0 0.546644 0.654891 0.122190 0.405078 0.537363 0.517656 2 0.547455 0.500640 2 0.528594 0.500887 2 0.559284 0.508901 2 0.516765 0.505449 2 0.587580 0.566026 2 0.484076 0.567829 2 0.597326 0.644602 2 0.478473 0.646829 2 0.592235 0.705537 2 0.491923 0.708318 2 0.576815 0.712060 2 0.509535 0.713207 2 0.583224 0.816514 2 0.518391 0.820998 2 0.569884 0.790844 2 0.509195 0.773026 2
0 0.739280 0.658606 0.116120 0.405431 0.736641 0.519382 2 0.745161 0.504092 2 0.727955 0.505942 2 0.756163 0.510134 2 0.716374 0.511244 2 0.781490 0.581387 2 0.691133 0.574148 2 0.784334 0.665690 2 0.684567 0.656462 2 0.796410 0.732243 2 0.693238 0.706630 2 0.765743 0.720943 2 0.709652 0.720943 2 0.775874 0.844142 2 0.728474 0.843713 2 0.768420 0.748810 2 0.691978 0.761983 2
0 0.637807 0.663793 0.115851 0.395142 0.629185 0.531466 2 0.637953 0.516793 2 0.621078 0.515930 2 0.650940 0.521848 2 0.611896 0.520985 2 0.675724 0.578245 2 0.590214 0.571619 2 0.677529 0.660043 2 0.588579 0.658456 2 0.680234 0.711859 2 0.617348 0.731601 2 0.665515 0.715460 2 0.614941 0.716831 2 0.673595 0.835539 2 0.635703 0.834401 2 0.660306 0.790407 0 0.599680 0.766877 2
0 0.117002 0.668343 0.111165 0.400272 0.124467 0.535097 2 0.132082 0.520721 2 0.115330 0.519056 2 0.140914 0.526623 2 0.102031 0.525261 2 0.166235 0.581797 2 0.077765 0.582222 2 0.162886 0.669515 2 0.075917 0.672497 2 0.154131 0.742889 2 0.078921 0.745904 2 0.145983 0.736020 2 0.091731 0.730537 2 0.139719 0.851792 2 0.096766 0.852539 2 0.141968 0.809921 2 0.030184 0.788076 2
0 0.336968 0.673110 0.105901 0.378857 0.335537 0.542294 2 0.344598 0.528519 2 0.327564 0.529059 2 0.357011 0.535002 2 0.314879 0.535677 2 0.383909 0.599084 2 0.291105 0.601057 2 0.393266 0.673520 2 0.281459 0.678357 2 0.375150 0.732320 2 0.294525 0.739432 2 0.365915 0.734026 2 0.305576 0.737587 2 0.348678 0.839610 2 0.308809 0.844521 2 0.366490 0.824870 2 0.310598 0.802135 2