0 0.105478 0.44352 0.21011 0.246331 0.11012 0.405209 2 0.124843 0.387118 2 0.09347 0.383875 2 0.140894 0.399265 2 0.061508 0.391176 2 0.193713 0.490569 2 0.008165 0.490255 2 0.0 0.0 0 0.0 0.0 0 0.0 0.0 0 0.0 0.0 0 0.0 0.0 0 0.0 0.0 0 0.0 0.0 0 0.0 0.0 0 0.0 0.0 0 0.0 0.0 0
0 0.108366 0.152946 0.204674 0.260792 0.101024 0.082204 2 0.114734 0.068513 2 0.090741 0.069491 2 0.135686 0.073293 2 0.076419 0.076578 2 0.183324 0.138995 2 0.050487 0.136239 2 0.20458 0.229413 2 0.022614 0.210886 2 0.178742 0.279059 2 0.042574 0.257412 2 0.0 0.0 0 0.0 0.0 0 0.0 0.0 0 0.0 0.0 0 0.0 0.0 0 0.0 0.0 0
0 0.306048 0.438439 0.189714 0.256493 0.294978 0.412913 2 0.325408 0.386822 2 0.281675 0.386523 2 0.3675 0.397509 2 0.0 0.0 0 0.396163 0.495707 2 0.247073 0.495732 2 0.0 0.0 0 0.0 0.0 0 0.0 0.0 0 0.0 0.0 0 0.0 0.0 0 0.0 0.0 0 0.0 0.0 0 0.0 0.0 0 0.0 0.0 0 0.0 0.0 0
0 0.30174 0.183905 0.105536 0.18143 0.306698 0.127676 2 0.313105 0.121472 2 0.299906 0.121874 2 0.320781 0.121992 2 0.290746 0.122026 2 0.335646 0.1584 2 0.276754 0.159308 2 0.341552 0.210656 2 0.267835 0.211525 2 0.344591 0.254244 2 0.260359 0.255375 2 0.325248 0.233612 2 0.286622 0.234166 2 0.0 0.0 0 0.0 0.0 0 0.0 0.0 0 0.0 0.0 0
0 0.8438 0.076805 0.300789 0.153405 0.859176 0.115456 2 0.879554 0.122876 2 0.884073 0.093127 2 0.0 0.0 0 0.877521 0.045255 2 0.758359 0.138936 2 0.764698 0.004915 2 0.0 0.0 0 0.0 0.0 0 0.0 0.0 0 0.0 0.0 0 0.0 0.0 0 0.0 0.0 0 0.0 0.0 0 0.0 0.0 0 0.0 0.0 0 0.0 0.0 0
0 0.846344 0.357356 0.305948 0.40725 0.837515 0.441677 2 0.809607 0.46671 2 0.857029 0.465063 2 0.771605 0.453431 2 0.880963 0.450634 2 0.718223 0.336737 2 0.921136 0.335476 2 0.728133 0.17602 2 0.972338 0.196694 2 0.0 0.0 0 0.0 0.0 0 0.0 0.0 0 0.0 0.0 0 0.0 0.0 0 0.0 0.0 0 0.0 0.0 0 0.0 0.0 0
0 0.547658 0.206149 0.291103 0.371889 0.552063 0.125609 2 0.570136 0.101956 2 0.535717 0.102155 2 0.595807 0.099145 2 0.509846 0.10091 2 0.650795 0.196704 2 0.472166 0.185077 2 0.685242 0.323977 2 0.421713 0.283668 2 0.672282 0.381218 2 0.475925 0.3219 2 0.0 0.0 0 0.0 0.0 0 0.0 0.0 0 0.0 0.0 0 0.0 0.0 0 0.0 0.0 0
0 0.537349 0.473697 0.272265 0.16293 0.607265 0.507912 2 0.619418 0.505967 2 0.618426 0.493785 2 0.0 0.0 0 0.610293 0.465263 2 0.556317 0.5106 2 0.546028 0.437633 2 0.486262 0.517994 2 0.455675 0.410126 2 0.468259 0.530431 2 0.430943 0.464913 2 0.0 0.0 0 0.0 0.0 0 0.0 0.0 0 0.0 0.0 0 0.0 0.0 0 0.0 0.0 0
0 0.157214 0.651658 0.255927 0.169472 0.098951 0.648197 2 0.083157 0.635854 2 0.082015 0.660238 2 0.096584 0.619187 2 0.095392 0.67786 2 0.187715 0.579901 2 0.189284 0.714913 2 0.0 0.0 0 0.0 0.0 0 0.0 0.0 0 0.0 0.0 0 0.0 0.0 0 0.0 0.0 0 0.0 0.0 0 0.0 0.0 0 0.0 0.0 0 0.0 0.0 0
0 0.338585 0.681383 0.082166 0.11126 0.339331 0.653905 2 0.343747 0.648179 2 0.334954 0.64804 2 0.350342 0.644046 2 0.328466 0.644079 2 0.362281 0.666295 2 0.314955 0.665872 2 0.372464 0.69321 2 0.304657 0.693097 2 0.368831 0.708214 2 0.309562 0.709485 2 0.354527 0.723866 2 0.323322 0.723618 2 0.0 0.0 0 0.0 0.0 0 0.0 0.0 0 0.0 0.0 0
0 0.098086 0.868583 0.194697 0.262973 0.107059 0.868594 2 0.135726 0.827627 2 0.071566 0.831449 2 0.17404 0.836253 2 0.032818 0.843426 2 0.0 0.0 0 0.006467 0.95017 2 0.0 0.0 0 0.0 0.0 0 0.0 0.0 0 0.0 0.0 0 0.0 0.0 0 0.0 0.0 0 0.0 0.0 0 0.0 0.0 0 0.0 0.0 0 0.0 0.0 0
0 0.308778 0.896338 0.165094 0.207463 0.281645 0.854878 2 0.295742 0.841386 2 0.272363 0.842327 2 0.316738 0.844007 2 0.0 0.0 0 0.347324 0.906599 2 0.266386 0.897645 2 0.0 0.0 0 0.251812 0.976503 2 0.0 0.0 0 0.0 0.0 0 0.0 0.0 0 0.0 0.0 0 0.0 0.0 0 0.0 0.0 0 0.0 0.0 0 0.0 0.0 0
0 0.531595 0.660094 0.27999 0.176423 0.607545 0.653765 2 0.622243 0.665582 2 0.621193 0.644901 2 0.617112 0.683642 2 0.613584 0.632556 2 0.546573 0.724705 2 0.549532 0.610204 2 0.449499 0.743027 2 0.46939 0.586178 2 0.396199 0.720755 2 0.419439 0.603382 2 0.0 0.0 0 0.0 0.0 0 0.0 0.0 0 0.0 0.0 0 0.0 0.0 0 0.0 0.0 0
0 0.826128 0.657559 0.260543 0.181014 0.867575 0.671688 2 0.886174 0.685747 2 0.885329 0.657847 2 0.877325 0.703773 2 0.8774 0.639431 2 0.790123 0.730215 2 0.784558 0.596526 2 0.0 0.0 0 0.0 0.0 0 0.0 0.0 0 0.0 0.0 0 0.0 0.0 0 0.0 0.0 0 0.0 0.0 0 0.0 0.0 0 0.0 0.0 0 0.0 0.0 0
0 0.48558 0.877642 0.186943 0.244704 0.490163 0.825829 2 0.504255 0.812021 2 0.477202 0.81096 2 0.522779 0.818423 2 0.461189 0.817448 2 0.550242 0.898041 2 0.421183 0.881913 2 0.0 0.0 0 0.0 0.0 0 0.0 0.0 0 0.0 0.0 0 0.0 0.0 0 0.0 0.0 0 0.0 0.0 0 0.0 0.0 0 0.0 0.0 0 0.0 0.0 0
0 0.765276 0.874034 0.37245 0.251341 0.863466 0.881104 2 0.884059 0.895382 2 0.882678 0.868286 2 0.881109 0.917475 2 0.878953 0.853178 2 0.788089 0.958288 2 0.795754 0.82076 2 0.672062 0.990931 2 0.708973 0.802035 2 0.0 0.0 0 0.699862 0.780645 2 0.591707 0.929211 2 0.596831 0.839279 2 0.0 0.0 0 0.0 0.0 0 0.0 0.0 0 0.0 0.0 0
