0 0.079679 0.550231 0.159358 0.116623
0 0.187104 0.467672 0.102495 0.101046
0 0.096361 0.433901 0.083695 0.163755
0 0.278827 0.490680 0.089948 0.087713
0 0.293060 0.605120 0.075101 0.073527
0 0.253277 0.680032 0.068228 0.066226
0 0.406668 0.716640 0.069066 0.067259
0 0.343041 0.661135 0.067894 0.065807
0 0.502113 0.600020 0.067668 0.065378
0 0.166305 0.291455 0.102440 0.095907
0 0.743076 0.359924 0.065596 0.062644
0 0.425442 0.187020 0.064559 0.060448
0 0.747450 0.258384 0.065656 0.061588
0 0.433752 0.575685 0.066446 0.064938
0 0.479473 0.343296 0.066044 0.058924
0 0.569235 0.522764 0.066605 0.064389
0 0.628930 0.253818 0.064860 0.057595
0 0.380818 0.246155 0.064655 0.062343
0 0.226479 0.227474 0.064258 0.061353
0 0.427403 0.513448 0.066143 0.060428
0 0.610635 0.362862 0.064606 0.061090
0 0.224146 0.553714 0.066799 0.061145
0 0.316900 0.243976 0.064523 0.062259
0 0.673821 0.415244 0.065516 0.062483
0 0.563108 0.458169 0.064646 0.060593
0 0.234641 0.115425 0.063821 0.057496
0 0.456925 0.449897 0.066163 0.062464
0 0.556914 0.400317 0.064731 0.058124
0 0.624699 0.478463 0.066214 0.063408
0 0.206353 0.614142 0.067511 0.064869
0 0.610797 0.305470 0.064890 0.056009
0 0.487886 0.400198 0.065136 0.059379
0 0.486889 0.539952 0.065319 0.059992
0 0.149152 0.222386 0.063898 0.055711
0 0.507693 0.486208 0.065172 0.059666
0 0.241871 0.173776 0.063424 0.055397
0 0.676850 0.356665 0.064230 0.057418
0 0.702133 0.307393 0.063931 0.057106