0 0.599706 0.532508 0.064258 0.075720
0 0.310279 0.580701 0.063154 0.060670
0 0.234951 0.573460 0.063794 0.058898
0 0.243047 0.519570 0.060735 0.061375
0 0.316306 0.525282 0.062390 0.057602
0 0.656435 0.729826 0.086958 0.053820
0 0.463862 0.540405 0.064547 0.057550
0 0.389421 0.587472 0.071485 0.063170
0 0.658582 0.536337 0.044297 0.042218
0 0.429528 0.355825 0.045180 0.039731
0 0.390358 0.532414 0.063402 0.059061
0 0.484091 0.385581 0.044625 0.040034
0 0.629874 0.395527 0.047149 0.046422
0 0.376343 0.328698 0.042882 0.041687
0 0.464857 0.309361 0.045343 0.042199
0 0.540137 0.415748 0.045746 0.039768
0 0.724667 0.480667 0.042667 0.052000
0 0.413661 0.277865 0.044070 0.039165
0 0.595883 0.447121 0.047944 0.044292
0 0.520042 0.337494 0.046260 0.040776
0 0.574941 0.366331 0.049999 0.043837
0 0.320477 0.306143 0.045930 0.043103
0 0.441762 0.443061 0.037129 0.036634
0 0.459416 0.218468 0.033326 0.073856
0 0.528713 0.373300 0.036426 0.035217
0 0.286156 0.352038 0.048131 0.042708
0 0.191151 0.366930 0.050781 0.042729
0 0.295580 0.231532 0.046119 0.044597
0 0.265311 0.312144 0.032118 0.032047
0 0.212492 0.440324 0.050660 0.042586
0 0.351504 0.667362 0.034475 0.034832
0 0.226938 0.321594 0.046047 0.041479
0 0.152404 0.411263 0.048678 0.043271
0 0.354304 0.260572 0.045824 0.045809
0 0.415955 0.573410 0.034661 0.033028
0 0.693642 0.472676 0.047760 0.050618
0 0.586792 0.233693 0.031308 0.029165
0 0.646667 0.232000 0.049333 0.048000